0.5
0.5
0.5
0.5
0.5
0.5
0.5
0.5
0.5
0.5
0.5
0.5
0.5
0.5
0.5
0.5
0.5
0.5
0.5
0.5
0.5
0.5
0.5
0.5
0.5
0.5
0.5
0.5
0.5
0.5
0.5
0.5
0.5
0.5
0.5
0.5
0.5
0.5
0.5
0.5
0.5
0.5
0.5
0.5
0.5
0.5
0.5
0.5
0.5
0.5
0.5
0.5
0.5
0.5
0.5
0.5
0.5
0.5
0.5
0.5
0.5
0.5
0.5
0.5
0.5
0.5
0.5
0.5
0.5
0.5
0.5
0.5
0.5
0.5
0.5
0.5
0.5
0.5
0.5
0.5
0.5
0.5
0.5
0.5
0.5
0.5
0.5
0.5
0.5
0.5
0.5
0.5
0.5
0.5
0.5
0.5
0.5
0.5
0.5
0.5
0.5
0.5
0.5
0.5
0.5
0.5
0.5
0.5
0.5
0.5
0.5
0.5
0.5
0.5
0.5
0.5
0.5
0.5
0.5
0.5
0.5
0.6229802
0.7225541
0.8020629
0.8644238
0.9121803
0.9475474
0.9724506
0.9885611
0.9973269
1
0.9976606
0.9912385
0.9815319
0.969224
0.954898
0.9390493
0.9220975
0.9043961
0.8862412
0.8678794
0.8495146
0.8313136
0.8134116
0.7959163
0.7789127
0.7624655
0.7466227
0.7314184
0.7168745
0.7030029
0.6898075
0.6772851
0.6654271
0.6542205
0.6436487
0.6336924
0.6243302
0.6155391
0.6072953
0.5995741
0.5923508
0.5856006
0.5792988
0.5734212
0.5679441
0.5628446
0.5581003
0.5536898
0.5495927
0.5457891
0.5422603
0.5389885
0.5359567
0.5331488
0.5305498
0.5281451
0.5259215
0.5238663
0.5219674
0.5202138
0.5185951
0.5171013
0.5157235
0.5144531
0.513282
0.512203
0.511209
0.5102937
0.5094511
0.5086756
0.5079622
0.507306
0.5067025
0.5061477
0.5056379
0.5051694
0.504739
0.5043437
0.5039808
0.5036475
0.5033417
0.503061
0.5028035
0.5025673
0.5023506
0.502152
0.5019698
0.5018029
0.5016498
0.5015096
0.5013811
0.5012634
0.5011556
0.5010568
0.5009665
0.5008837
0.5008079
0.5007386
0.5006751
0.500617
0.5005639
0.5005153
0.5004708
0.5004302
0.500393
0.5003589
0.5003279
0.5002995
0.5002735
0.5002497
0.500228
0.5002081
0.50019
0.5001734
0.5001583
0.5001445
0.5001319
0.5001203
0.5001099
0.5001002
0.5000914
0.5000834
0.5000761
0.5000694
0.5000633
0.5000578
0.5000527
0.500048
0.5000438
0.5000399
0.5000364
0.5000332
0.5000303
0.5000276
0.5000252
0.5000229
0.5000209
0.5000191
0.5000173
0.5000158
0.5000144
0.5000131
0.500012
0.5000109
0.50001
0.5000091
0.5000082
0.5000075
0.5000069
0.5000063
0.5000057
0.5000052
0.5000047
0.5000043
0.5000039
0.5000036
0.5000032
0.500003
0.5000027
0.5000024
0.5000022
0.500002
0.5000018
0.5000017
0.5000015
0.5000014
0.5000013
0.5000011
0.5000011
0.500001
0.5000009
0.5000008
0.5000007
0.5000007
0.5000006
0.5000005
0.5000005
0.5000005
0.5000004
