0.5
0.5
0.5
0.5
0.5
0.5
0.5
0.5
0.5
0.5
0.5
0.5
0.5
0.5
0.5
0.5
0.5
0.5
0.5
0.5
0.5
0.5
0.5
0.5
0.5
0.5
0.5
0.5
0.5
0.5
0.5
0.5
0.5
0.5
0.5
0.5
0.5
0.5
0.5
0.5
0.5
0.5
0.5
0.5
0.5
0.5
0.5
0.5
0.5
0.5
0.5
0.5
0.5
0.5
0.5
0.5
0.5
0.5
0.5
0.5
0.5
0.5
0.5
0.5
0.5
0.5
0.5
0.5
0.5
0.5
0.5
0.5
0.5
0.5
0.5
0.5
0.5
0.5
0.5
0.5
0.5
0.5
0.5
0.5
0.5
0.5
0.5
0.5
0.5
0.5
0.5
0.5
0.5
0.5
0.5
0.5
0.5
0.5
0.5
0.5
0.5
0.5
0.5
0.5
0.5
0.5
0.5
0.5
0.5
0.5
0.5
0.5
0.5
0.5
0.5
0.5
0.5
0.5
0.5
0.5
0.5
0.512298
0.5222554
0.5302063
0.5364424
0.541218
0.5447547
0.5472451
0.5488561
0.5497327
0.55
0.5497661
0.5491238
0.5481532
0.5469224
0.5454898
0.5439049
0.5422097
0.5404396
0.5386241
0.5367879
0.5349514
0.5331314
0.5313411
0.5295916
0.5278913
0.5262465
0.5246623
0.5231419
0.5216874
0.5203003
0.5189807
0.5177285
0.5165427
0.515422
0.5143649
0.5133693
0.512433
0.5115539
0.5107296
0.5099574
0.5092351
0.5085601
0.5079299
0.5073421
0.5067944
0.5062845
0.50581
0.505369
0.5049593
0.5045789
0.504226
0.5038989
0.5035957
0.5033149
0.503055
0.5028145
0.5025921
0.5023866
0.5021967
0.5020214
0.5018595
0.5017101
0.5015724
0.5014453
0.5013282
0.5012203
0.5011209
0.5010294
0.5009451
0.5008675
0.5007962
0.5007306
0.5006703
0.5006148
0.5005638
0.500517
0.5004739
0.5004344
0.5003981
0.5003648
0.5003341
0.5003061
0.5002803
0.5002567
0.5002351
0.5002152
0.500197
0.5001803
0.500165
0.500151
0.5001381
0.5001264
0.5001156
0.5001057
0.5000966
0.5000884
0.5000808
0.5000739
0.5000675
0.5000617
0.5000564
0.5000516
0.5000471
0.500043
0.5000393
0.5000359
0.5000328
0.5000299
0.5000274
0.500025
0.5000228
0.5000208
0.500019
0.5000173
0.5000159
0.5000144
0.5000132
0.500012
0.500011
0.50001
0.5000091
0.5000083
0.5000076
0.5000069
0.5000063
0.5000058
0.5000052
0.5000048
0.5000044
0.500004
0.5000036
0.5000033
0.500003
0.5000027
0.5000025
0.5000023
0.5000021
0.5000019
0.5000017
0.5000016
0.5000014
0.5000013
0.5000012
0.5000011
0.500001
0.5000009
0.5000008
0.5000008
0.5000007
0.5000006
0.5000006
0.5000005
0.5000005
0.5000004
0.5000004
0.5000004
0.5000003
0.5000003
0.5000003
0.5000002
0.5000002
0.5000002
0.5000002
0.5000002
0.5000002
0.5000001
0.5000001
0.5000001
0.5000001
0.5000001
0.5000001
0.5000001
0.5000001
0.5000001
0.5000001
0.5000001
0.5000001
0.5000001
0.5000001
