0.5
0.5
0.5
0.5
0.5
0.5
0.5
0.5
0.5
0.5
0.5
0.5
0.5
0.5
0.5
0.5
0.5
0.5
0.5
0.5
0.5
0.5
0.5
0.5
0.5
0.5
0.5
0.5
0.5
0.5
0.5
0.5
0.5
0.5
0.5
0.5
0.5
0.5
0.5
0.5
0.5
0.5
0.5
0.5
0.5
0.5
0.5
0.5
0.5
0.5
0.5
0.5
0.5
0.5
0.5
0.5
0.5
0.5
0.5
0.5
0.5
0.5
0.5
0.5
0.5
0.5
0.5
0.5
0.5
0.5
0.5
0.5
0.5
0.5
0.5
0.5
0.5
0.5
0.5
0.5
0.5
0.5
0.5
0.5
0.5
0.5
0.5
0.5
0.5
0.5
0.5
0.5
0.5
0.5
0.5
0.5
0.5
0.5
0.5
0.5
0.5
0.5
0.5
0.5
0.5
0.5
0.5
0.5
0.5
0.5
0.5
0.5
0.5
0.5
0.5
0.5
0.5
0.5
0.5
0.5
0.5
0.4973356
0.4947766
0.4923201
0.4899628
0.487702
0.4855346
0.4834579
0.4814691
0.4795655
0.4777446
0.4760038
0.4743407
0.4727528
0.4712379
0.4697937
0.4684179
0.4671085
0.4658633
0.4646804
0.4635576
0.4624932
0.4614852
0.4605318
0.4596313
0.458782
0.4579821
0.45723
0.4565242
0.4558631
0.4552453
0.4546692
0.4541335
0.4536367
0.4531777
0.4527549
0.4523673
0.4520136
0.4516925
0.451403
0.4511439
0.4509141
0.4507125
0.4505382
0.4503901
0.4502673
0.4501688
0.4500937
0.4500411
0.4500101
0.45
0.4500099
0.4500389
0.4500865
0.4501517
0.4502339
0.4503325
0.4504466
0.4505756
0.4507191
0.4508761
0.4510463
0.4512291
0.4514238
0.4516298
0.4518468
0.4520742
0.4523114
0.452558
0.4528136
0.4530776
0.4533497
0.4536294
0.4539163
0.45421
0.4545102
0.4548164
0.4551284
0.4554457
0.455768
0.4560951
0.4564265
0.456762
0.4571013
0.4574442
0.4577903
0.4581393
0.4584911
0.4588453
0.4592019
0.4595604
0.4599207
0.4602826
0.4606459
0.4610104
0.4613759
0.4617422
0.4621091
0.4624765
0.4628442
0.4632121
0.4635799
0.4639476
0.4643151
0.4646821
0.4650486
0.4654143
0.4657794
0.4661435
0.4665066
0.4668686
0.4672295
0.467589
0.4679471
0.4683037
0.4686588
0.4690123
0.469364
0.469714
0.4700622
0.4704084
0.4707526
0.4710948
0.471435
0.4717729
0.4721087
0.4724423
0.4727736
0.4731026
0.4734292
0.4737535
0.4740753
0.4743946
0.4747115
0.4750259
0.4753377
0.475647
0.4759537
0.4762578
0.4765593
0.4768582
0.4771544
0.4774479
0.4777388
0.478027
0.4783126
0.4785954
0.4788755
0.4791529
0.4794277
0.4796997
0.479969
0.4802356
0.4804995
0.4807608
0.4810193
0.4812751
0.4815282
0.4817786
0.4820264
0.4822715
0.4825139
0.4827537
0.4829909
0.4832254
0.4834573
0.4836866
0.4839133
0.4841374
0.484359
0.484578
0.4847944
0.4850083
0.4852197
0.4854287
0.4856351
0.4858391
0.4860407
0.4862398
0.4864365
