0.5
0.5
0.5
0.5
0.5
0.5
0.5
0.5
0.5
0.5
0.5
0.5
0.5
0.5
0.5
0.5
0.5
0.5
0.5
0.5
0.5
0.5
0.5
0.5
0.5
0.5
0.5
0.5
0.5
0.5
0.5
0.5
0.5
0.5
0.5
0.5
0.5
0.5
0.5
0.5
0.5
0.5
0.5
0.5
0.5
0.5
0.5
0.5
0.5
0.5
0.5
0.5
0.5
0.5
0.5
0.5
0.5
0.5
0.5
0.5
0.5
0.5
0.5
0.5
0.5
0.5
0.5
0.5
0.5
0.5
0.5
0.5
0.5
0.5
0.5
0.5
0.5
0.5
0.5
0.5
0.5
0.5
0.5
0.5
0.5
0.5
0.5
0.5
0.5
0.5
0.5
0.5
0.5
0.5
0.5
0.5
0.5
0.5
0.5
0.5
0.5
0.5
0.5
0.5
0.5
0.5
0.5
0.5
0.5
0.5
0.5
0.5
0.5
0.5
0.5
0.5
0.5
0.5
0.5
0.5
0.5
0.4866777
0.473883
0.4616003
0.4498142
0.4385099
0.427673
0.4172894
0.4073453
0.3978275
0.388723
0.380019
0.3717034
0.3637642
0.3561897
0.3489686
0.3420898
0.3355426
0.3293167
0.3234018
0.3177881
0.312466
0.307426
0.3026592
0.2981567
0.2939098
0.2899103
0.28615
0.282621
0.2793156
0.2762263
0.2733459
0.2706673
0.2681836
0.2658883
0.2637747
0.2618366
0.2600679
0.2584627
0.257015
0.2557195
0.2545705
0.2535627
0.2526911
0.2519507
0.2513365
0.250844
0.2504684
0.2502054
0.2500507
0.25
0.2500494
0.2501947
0.2504324
0.2507586
0.2511697
0.2516623
0.2522329
0.2528783
0.2535953
0.2543808
0.2552318
0.2561454
0.2571188
0.2581492
0.2592341
0.2603708
0.261557
0.2627901
0.2640678
0.265388
0.2667484
0.2681469
0.2695815
0.2710502
0.272551
0.2740822
0.2756419
0.2772285
0.2788401
0.2804753
0.2821325
0.2838101
0.2855067
0.2872209
0.2889512
0.2906965
0.2924554
0.2942268
0.2960093
0.297802
0.2996036
0.3014132
0.3032296
0.305052
0.3068794
0.3087109
0.3105455
0.3123825
0.314221
0.3160603
0.3178996
0.3197381
0.3215753
0.3234103
0.3252427
0.3270717
0.3288968
0.3307174
0.3325331
0.3343432
0.3361472
0.3379449
0.3397355
0.3415188
0.3432942
0.3450615
0.3468203
0.3485701
0.3503108
0.3520418
0.353763
0.3554741
0.3571747
0.3588646
0.3605437
0.3622115
0.363868
0.3655129
0.3671461
0.3687673
0.3703763
0.3719732
0.3735576
0.3751294
0.3766886
0.378235
0.3797685
0.381289
0.3827965
0.3842908
0.3857718
0.3872396
0.388694
0.3901351
0.3915628
0.3929769
0.3943776
0.3957648
0.3971384
0.3984985
0.3998451
0.4011782
0.4024977
0.4038037
0.4050963
0.4063753
0.4076409
0.4088932
0.410132
0.4113575
0.4125697
0.4137686
0.4149544
0.416127
0.4172865
0.4184329
0.4195664
0.420687
0.4217948
0.4228897
0.423972
0.4250417
0.4260988
0.4271434
0.4281756
0.4291956
0.4302032
0.4311988
0.4321823
