3.497
3.494
3.491
3.488
3.485
3.482
3.479
3.476
3.473
3.47
3.467
3.464
3.461
3.458
3.455
3.452
3.449
3.446
3.443
3.44
3.437
3.434
3.431
3.428
3.425
3.422
3.419
3.416
3.413
3.41
3.407
3.404
3.401
3.398
3.395
3.392
3.389
3.386
3.383
3.38
3.377
3.374
3.371
3.368
3.365
3.362
3.359
3.356
3.353
3.35
3.347
3.344
3.341
3.338
3.335
3.332
3.329
3.326
3.323
3.32
3.317
3.314
3.311
3.308
3.305
3.302
3.299
3.296
3.293
3.29
3.287
3.284
3.281
3.278
3.275
3.272
3.269
3.266
3.263
3.26
3.257
3.254
3.251
3.248
3.245
3.242
3.239
3.236
3.233
3.23
3.227
3.224
3.221
3.218
3.215
3.212
3.209
3.206
3.203
3.2
3.197
3.194
3.191
3.188
3.185
3.182
3.179
3.176
3.173
3.17
3.167
3.164
3.161
3.158
3.155
3.152
3.149
3.146
3.143
3.14
3.137
3.134
3.131
3.128
3.125
3.122
3.119
3.116
3.113
3.11
3.107
3.104
3.101
3.098
3.095
3.092
3.089
3.086
3.083
3.08
3.077
3.074
3.071
3.068
3.065
3.062
3.059
3.056
3.053
3.05
3.047
3.044
3.041
3.038
3.035
3.032
3.029
3.026
3.023
3.02
3.017
3.014
3.011
3.008
3.005
3.002
2.999
2.996
2.993
2.99
2.987
2.984
2.981
2.978
2.975
2.972
2.969
2.966
2.963
2.96
2.957
2.954
2.951
2.948
2.945
2.942
2.939
2.936
2.933
2.93
2.927
2.924
2.921
2.918
2.915
2.912
2.909
2.906
2.903
2.9
2.897
2.894
2.891
2.888
2.885
2.882
2.879
2.876
2.873
2.87
2.867
2.864
2.861
2.858
2.855
2.852
2.849
2.846
2.843
2.84
2.837
2.834
2.831
2.828
2.825
2.822
2.819
2.816
2.813
2.81
2.807
2.804
2.801
2.798
2.795
2.792
2.789
2.786
2.783
2.78
2.777
2.774
2.771
2.768
2.765
2.762
2.759
2.756
2.753
2.75
2.747
2.744
2.741
2.738
2.735
2.732
2.729
2.726
2.723
2.72
2.717
2.714
2.711
2.708
2.705
2.702
2.699
2.696
2.693
2.69
2.687
2.684
2.681
2.678
2.675
2.672
2.669
2.666
2.663
2.66
2.657
2.654
2.651
2.648
2.645
2.642
2.639
2.636
2.633
2.63
2.627
2.624
2.621
2.618
2.615
2.612
2.609
2.606
2.603
2.6
2.597
2.594
2.591
2.588
2.585
2.582
2.579
2.576
2.573
2.57
2.567
2.564
2.561
2.558
2.555
2.552
2.549
2.546
2.543
2.54
2.537
2.534
2.531
2.528
2.525
2.522
2.519
2.516
2.513
2.51
2.507
2.504
2.501
2.498
2.495
2.492
2.489
2.486
2.483
2.48
2.477
2.474
2.471
2.468
2.465
2.462
2.459
2.456
2.453
2.45
2.447
2.444
2.441
2.438
2.435
2.432
2.429
2.426
2.423
2.42
2.417
2.414
2.411
2.408
2.405
2.402
2.399
2.396
2.393
2.39
2.387
2.384
2.381
2.378
2.375
2.372
2.369
2.366
2.363
2.36
2.357
2.354
2.351
2.348
2.345
2.342
2.339
2.336
2.333
2.33
2.327
2.324
2.321
2.318
2.315
2.312
2.309
2.306
2.303
2.3
2.297
2.294
2.291
2.288
2.285
2.282
2.279
2.276
2.273
2.27
2.267
2.264
2.261
2.258
2.255
2.252
2.249
2.246
2.243
2.24
2.237
2.234
2.231
2.228
2.225
2.222
2.219
2.216
2.213
2.21
2.207
2.204
2.201
2.198
2.195
2.192
2.189
2.186
2.183
2.18
2.177
2.174
2.171
2.168
2.165
2.162
2.159
2.156
2.153
2.15
2.147
2.144
2.141
2.138
2.135
2.132
2.129
2.126
2.123
2.12
2.117
2.114
2.111
2.108
2.105
2.102
2.099
2.096
2.093
2.09
2.087
2.084
2.081
2.078
2.075
2.072
2.069
2.066
2.063
2.06
2.057
2.054
2.051
2.048
2.045
2.042
2.039
2.036
2.033
2.03
2.027
2.024
2.021
2.018
2.015
2.012
2.009
2.006
2.003
2.0
1.997
1.994
1.991
1.988
1.985
1.982
1.979
1.976
1.973
1.97
1.967
1.964
1.961
1.958
1.955
1.952
1.949
1.946
1.943
1.94
1.937
1.934
1.931
1.928
1.925
1.922
1.919
1.916
1.913
1.91
1.907
1.904
1.901
1.898
1.895
1.892
1.889
1.886
1.883
1.88
1.877
1.874
1.871
1.868
1.865
1.862
1.859
1.856
1.853
1.85
1.847
1.844
1.841
1.838
1.835
1.832
1.829
1.826
1.823
1.82
1.817
1.814
1.811
1.808
1.805
1.802
1.799
1.796
1.793
1.79
1.787
1.784
1.781
1.778
1.775
1.772
1.769
1.766
1.763
1.76
1.757
1.754
1.751
1.748
1.745
1.742
1.739
1.736
1.733
1.73
1.727
1.724
1.721
1.718
1.715
1.712
1.709
1.706
1.703
1.7
1.697
1.694
1.691
1.688
1.685
1.682
1.679
1.676
1.673
1.67
1.667
1.664
1.661
1.658
1.655
1.652
1.649
1.646
1.643
1.64
1.637
1.634
1.631
1.628
1.625
1.622
1.619
1.616
1.613
1.61
1.607
1.604
1.601
1.598
1.595
1.592
1.589
1.586
1.583
1.58
1.577
1.574
1.571
1.568
1.565
1.562
1.559
1.556
1.553
1.55
1.547
1.544
1.541
1.538
1.535
1.532
1.529
1.526
1.523
1.52
1.517
1.514
1.511
1.508
1.505
1.502
1.499
1.496
1.493
1.49
1.487
1.484
1.481
1.478
1.475
1.472
1.469
1.466
1.463
1.46
1.457
1.454
1.451
1.448
1.445
1.442
1.439
1.436
1.433
1.43
1.427
1.424
1.421
1.418
1.415
1.412
1.409
1.406
1.403
1.4
1.397
1.394
1.391
1.388
1.385
1.382
1.379
1.376
1.373
1.37
1.367
1.364
1.361
1.358
1.355
1.352
1.349
1.346
1.343
1.34
1.337
1.334
1.331
1.328
1.325
1.322
1.319
1.316
1.313
1.31
1.307
1.304
1.301
1.298
1.295
1.292
1.289
1.286
1.283
1.28
1.277
1.274
1.271
1.268
1.265
1.262
1.259
1.256
1.253
1.25
1.247
1.244
1.241
1.238
1.235
1.232
1.229
1.226
1.223
1.22
1.217
1.214
1.211
1.208
1.205
1.202
1.199
1.196
1.193
1.19
1.187
1.184
1.181
1.178
1.175
1.172
1.169
1.166
1.163
1.16
1.157
1.154
1.151
1.148
1.145
1.142
1.139
1.136
1.133
1.13
1.127
1.124
1.121
1.118
1.115
1.112
1.109
1.106
1.103
1.1
1.097
1.094
1.091
1.088
1.085
1.082
1.079
1.076
1.073
1.07
1.067
1.064
1.061
1.058
1.055
1.052
1.049
1.046
1.043
1.04
1.037
1.034
1.031
1.028
1.025
1.022
1.019
1.016
1.013
1.01
1.007
1.004
1.001
0.998
0.995
0.992
0.989
0.986
0.983
0.98
0.977
0.974
0.971
0.968
0.965
0.962
0.959
0.956
0.953
0.95
0.947
0.944
0.941
0.938
0.935
0.932
0.929
0.926
0.923
0.92
0.917
0.914
0.911
0.908
0.905
0.902
0.899
0.896
0.893
0.89
0.887
0.884
0.881
0.878
0.875
0.872
0.869
0.866
0.863
0.86
0.857
0.854
0.851
0.848
0.845
0.842
0.839
0.836
0.833
0.83
0.827
0.824
0.821
0.818
0.815
0.812
0.809
0.806
0.803
0.8
0.797
0.794
0.791
0.788
0.785
0.782
0.779
0.776
0.773
0.77
0.767
0.764
0.761
0.758
0.755
0.752
0.749
0.746
0.743
0.74
0.737
0.734
0.731
0.728
0.725
0.722
0.719
0.716
0.713
0.71
0.707
0.704
0.701
0.698
0.695
0.692
0.689
0.686
0.683
0.68
0.677
0.674
0.671
0.668
0.665
0.662
0.659
0.656
0.653
0.65
0.647
0.644
0.641
0.638
0.635
0.632
0.629
0.626
0.623
0.62
0.617
0.614
0.611
0.608
0.605
0.602
0.599
0.596
0.593
0.59
0.587
0.584
0.581
0.578
0.575
0.572
0.569
0.566
0.563
0.56
0.557
0.554
0.551
0.548
0.545
0.542
0.539
0.536
0.533
0.53
0.527
0.524
0.521
0.518
0.515
0.512
0.509
0.506
0.503
0.5
0.497
0.494
0.491
0.488
0.485
0.482
0.479
0.476
0.473
0.47
0.467
0.464
0.461
0.458
0.455
0.452
0.449
0.446
0.443
0.44
0.437
0.434
0.431
0.428
0.425
0.422
0.419
0.416
0.413
0.41
0.407
0.404
0.401
0.398
0.395
0.392
0.389
0.386
0.383
0.38
0.377
0.374
0.371
0.368
0.365
0.362
0.359
0.356
0.353
0.35
0.347
0.344
0.341
0.338
0.335
0.332
0.329
0.326
0.323
0.32
0.317
0.314
0.311
0.308
0.305
0.302
0.299
0.296
0.293
0.29
0.287
0.284
0.281
0.278
0.275
0.272
0.269
0.266
0.263
0.26
0.257
0.254
0.251
0.248
0.245
0.242
0.239
0.236
0.233
0.23
0.227
0.224
0.221
0.218
0.215
0.212
0.209
0.206
0.203
0.2
0.197
0.194
0.191
0.188
0.185
0.182
0.179
0.176
0.173
0.17
0.167
0.164
0.161
0.158
0.155
0.152
0.149
0.146
0.143
0.14
0.137
0.134
0.131
0.128
0.125
0.122
0.119
0.116
0.113
0.11
0.107
0.104
0.101
0.098
0.095
0.092
0.089
0.086
0.083
0.08
0.077
0.074
0.071
0.068
0.065
0.062
0.059
0.056
0.053
0.05
0.047
0.044
0.041
0.038
0.035
0.032
0.029
0.026
0.023
0.02
0.017
0.014
0.011
0.00799999999998
0.00499999999998
0.00199999999998
-0.00100000000002
-0.00400000000002
-0.00700000000002
-0.01
-0.013
-0.016
-0.019
-0.022
-0.025
-0.028
-0.031
-0.034
-0.037
-0.04
-0.043
-0.046
-0.049
-0.052
-0.055
-0.058
-0.061
-0.064
-0.067
-0.07
-0.073
-0.076
-0.079
-0.082
-0.085
-0.088
-0.091
-0.094
-0.097
-0.1
-0.103
-0.106
-0.109
-0.112
-0.115
-0.118
-0.121
-0.124
-0.127
-0.13
-0.133
-0.136
-0.139
-0.142
-0.145
-0.148
-0.151
-0.154
-0.157
-0.16
-0.163
-0.166
-0.169
-0.172
-0.175
-0.178
-0.181
-0.184
-0.187
-0.19
-0.193
-0.196
-0.199
-0.202
-0.205
-0.208
-0.211
-0.214
-0.217
-0.22
-0.223
-0.226
-0.229
-0.232
-0.235
-0.238
-0.241
-0.244
-0.247
-0.25
-0.253
-0.256
-0.259
-0.262
-0.265
-0.268
-0.271
-0.274
-0.277
-0.28
-0.283
-0.286
-0.289
-0.292
-0.295
-0.298
-0.301
-0.304
-0.307
-0.31
-0.313
-0.316
-0.319
-0.322
-0.325
-0.328
-0.331
-0.334
-0.337
-0.34
-0.343
-0.346
-0.349
-0.352
-0.355
-0.358
-0.361
-0.364
-0.367
-0.37
-0.373
-0.376
-0.379
-0.382
-0.385
-0.388
-0.391
-0.394
-0.397
-0.4
-0.403
-0.406
-0.409
-0.412
-0.415
-0.418
-0.421
-0.424
-0.427
-0.43
-0.433
-0.436
-0.439
-0.442
-0.445
-0.448
-0.451
-0.454
-0.457
-0.46
-0.463
-0.466
-0.469
-0.472
-0.475
-0.478
-0.481
-0.484
-0.487
-0.49
-0.493
-0.496
-0.499
-0.502
-0.505
-0.508
-0.511
-0.514
-0.517
-0.52
-0.523
-0.526
-0.529
-0.532
-0.535
-0.538
-0.541
-0.544
-0.547
-0.55
-0.553
-0.556
-0.559
-0.562
-0.565
-0.568
-0.571
-0.574
-0.577
-0.58
-0.583
-0.586
-0.589
-0.592
-0.595
-0.598
-0.601
-0.604
-0.607
-0.61
-0.613
-0.616
-0.619
-0.622
-0.625
-0.628
-0.631
-0.634
-0.637
-0.64
-0.643
-0.646
-0.649
-0.652
-0.655
-0.658
-0.661
-0.664
-0.667
-0.67
-0.673
-0.676
-0.679
-0.682
-0.685
-0.688
-0.691
-0.694
-0.697
-0.7
-0.703
-0.706
-0.709
-0.712
-0.715
-0.718
-0.721
-0.724
-0.727
-0.73
-0.733
-0.736
-0.739
-0.742
-0.745
-0.748
-0.751
-0.754
-0.757
-0.76
-0.763
-0.766
-0.769
-0.772
-0.775
-0.778
-0.781
-0.784
-0.787
-0.79
-0.793
-0.796
-0.799
-0.802
-0.805
-0.808
-0.811
-0.814
-0.817
-0.82
-0.823
-0.826
-0.829
-0.832
-0.835
-0.838
-0.841
-0.844
-0.847
-0.85
-0.853
-0.856
-0.859
-0.862
-0.865
-0.868
-0.871
-0.874
-0.877
-0.88
-0.883
-0.886
-0.889
-0.892
-0.895
-0.898
-0.901
-0.904
-0.907
-0.91
-0.913
-0.916
-0.919
-0.922
-0.925
-0.928
-0.931
-0.934
-0.937
-0.94
-0.943
-0.946
-0.949
-0.952
-0.955
-0.958
-0.961
-0.964
-0.967
-0.97
-0.973
-0.976
-0.979
-0.982
-0.985
-0.988
-0.991
-0.994
-0.997
-1.0
-1.003
-1.006
-1.009
-1.012
-1.015
-1.018
-1.021
-1.024
-1.027
-1.03
-1.033
-1.036
-1.039
-1.042
-1.045
-1.048
-1.051
-1.054
-1.057
-1.06
-1.063
-1.066
-1.069
-1.072
-1.075
-1.078
-1.081
-1.084
-1.087
-1.09
-1.093
-1.096
-1.099
-1.102
-1.105
-1.108
-1.111
-1.114
-1.117
-1.12
-1.123
-1.126
-1.129
-1.132
-1.135
-1.138
-1.141
-1.144
-1.147
-1.15
-1.153
-1.156
-1.159
-1.162
-1.165
-1.168
-1.171
-1.174
-1.177
-1.18
-1.183
-1.186
-1.189
-1.192
-1.195
-1.198
-1.201
-1.204
-1.207
-1.21
-1.213
-1.216
-1.219
-1.222
-1.225
-1.228
-1.231
-1.234
-1.237
-1.24
-1.243
-1.246
-1.249
-1.252
-1.255
-1.258
-1.261
-1.264
-1.267
-1.27
-1.273
-1.276
-1.279
-1.282
-1.285
-1.288
-1.291
-1.294
-1.297
-1.3
-1.303
-1.306
-1.309
-1.312
-1.315
-1.318
-1.321
-1.324
-1.327
-1.33
-1.333
-1.336
-1.339
-1.342
-1.345
-1.348
-1.351
-1.354
-1.357
-1.36
-1.363
-1.366
-1.369
-1.372
-1.375
-1.378
-1.381
-1.384
-1.387
-1.39
-1.393
-1.396
-1.399
-1.402
-1.405
-1.408
-1.411
-1.414
-1.417
-1.42
-1.423
-1.426
-1.429
-1.432
-1.435
-1.438
-1.441
-1.444
-1.447
-1.45
-1.453
-1.456
-1.459
-1.462
-1.465
-1.468
-1.471
-1.474
-1.477
-1.48
-1.483
-1.486
-1.489
-1.492
-1.495
-1.498
-1.501
-1.504
-1.507
-1.51
-1.513
-1.516
-1.519
-1.522
-1.525
-1.528
-1.531
-1.534
-1.537
-1.54
-1.543
-1.546
-1.549
-1.552
-1.555
-1.558
-1.561
-1.564
-1.567
-1.57
-1.573
-1.576
-1.579
-1.582
-1.585
-1.588
-1.591
-1.594
-1.597
-1.6
-1.603
-1.606
-1.609
-1.612
-1.615
-1.618
-1.621
-1.624
-1.627
-1.63
-1.633
-1.636
-1.639
-1.642
-1.645
-1.648
-1.651
-1.654
-1.657
-1.66
-1.663
-1.666
-1.669
-1.672
-1.675
-1.678
-1.681
-1.684
-1.687
-1.69
-1.693
-1.696
-1.699
-1.702
-1.705
-1.708
-1.711
-1.714
-1.717
-1.72
-1.723
-1.726
-1.729
-1.732
-1.735
-1.738
-1.741
-1.744
-1.747
-1.75
-1.753
-1.756
-1.759
-1.762
-1.765
-1.768
-1.771
-1.774
-1.777
-1.78
-1.783
-1.786
-1.789
-1.792
-1.795
-1.798
-1.801
-1.804
-1.807
-1.81
-1.813
-1.816
-1.819
-1.822
-1.825
-1.828
-1.831
-1.834
-1.837
-1.84
-1.843
-1.846
-1.849
-1.852
-1.855
-1.858
-1.861
-1.864
-1.867
-1.87
-1.873
-1.876
-1.879
-1.882
-1.885
-1.888
-1.891
-1.894
-1.897
-1.9
-1.903
-1.906
-1.909
-1.912
-1.915
-1.918
-1.921
-1.924
-1.927
-1.93
-1.933
-1.936
-1.939
-1.942
-1.945
-1.948
-1.951
-1.954
-1.957
-1.96
-1.963
-1.966
-1.969
-1.972
-1.975
-1.978
-1.981
-1.984
-1.987
-1.99
-1.993
-1.996
-1.999
-2.002
-2.005
-2.008
-2.011
-2.014
-2.017
-2.02
-2.023
-2.026
-2.029
-2.032
-2.035
-2.038
-2.041
-2.044
-2.047
-2.05
-2.053
-2.056
-2.059
-2.062
-2.065
-2.068
-2.071
-2.074
-2.077
-2.08
-2.083
-2.086
-2.089
-2.092
-2.095
-2.098
-2.101
-2.104
-2.107
-2.11
-2.113
-2.116
-2.119
-2.122
-2.125
-2.128
-2.131
-2.134
-2.137
-2.14
-2.143
-2.146
-2.149
-2.152
-2.155
-2.158
-2.161
-2.164
-2.167
-2.17
-2.173
-2.176
-2.179
-2.182
-2.185
-2.188
-2.191
-2.194
-2.197
-2.2
-2.203
-2.206
-2.209
-2.212
-2.215
-2.218
-2.221
-2.224
-2.227
-2.23
-2.233
-2.236
-2.239
-2.242
-2.245
-2.248
-2.251
-2.254
-2.257
-2.26
-2.263
-2.266
-2.269
-2.272
-2.275
-2.278
-2.281
-2.284
-2.287
-2.29
-2.293
-2.296
-2.299
-2.302
-2.305
-2.308
-2.311
-2.314
-2.317
-2.32
-2.323
-2.326
-2.329
-2.332
-2.335
-2.338
-2.341
-2.344
-2.347
-2.35
-2.353
-2.356
-2.359
-2.362
-2.365
-2.368
-2.371
-2.374
-2.377
-2.38
-2.383
-2.386
-2.389
-2.392
-2.395
-2.398
-2.401
-2.404
-2.407
-2.41
-2.413
-2.416
-2.419
-2.422
-2.425
-2.428
-2.431
-2.434
-2.437
-2.44
-2.443
-2.446
-2.449
-2.452
-2.455
-2.458
-2.461
-2.464
-2.467
-2.47
-2.473
-2.476
-2.479
-2.482
-2.485
-2.488
-2.491
-2.494
-2.497
-2.5
