0.8301386
0.8649693
0.8042023
0.8111149
0.7947237
0.7560334
0.7631654
0.8026066
0.7941248
0.8178981
0.7496969
0.8336052
0.8189462
0.7852152
0.7519618
0.7428238
0.7753859
0.7133058
0.7479372
0.7500415
0.7171279
0.7391771
0.7741778
0.7567812
0.7369133
0.7989281
0.7371675
0.7483653
0.8273436
0.8508958
0.7665241
0.6423056
0.5695281
0.5412096
0.5633072
0.5202898
0.6134796
0.4961207
0.6112435
0.6331649
0.6039665
0.6832488
0.7150901
0.6961089
0.7147785
0.7036158
0.7546591
0.7313419
0.7594275
0.7373596
0.8065606
0.7460504
0.76919
0.7738506
0.7975069
0.7552984
0.7384953
0.7012952
0.7586036
0.7296371
