0.7922265
0.8517953
0.8518336
0.8490839
0.8726524
0.8747463
0.8176219
0.7965657
0.8232446
0.7701554
0.7718417
0.7812896
0.7448947
0.834332
0.7811242
0.7791303
0.7522002
0.7228992
0.7409184
0.8167273
0.7387376
0.7302365
0.7297457
0.8455479
0.8306651
0.7659385
0.7921895
0.7231449
0.7826665
0.7982625
0.69692
0.8703589
0.8818502
0.8964921
0.8978488
0.8476259
0.8782325
0.8721927
0.9022406
0.8600613
0.84748
0.9254414
0.8223034
0.8581951
0.8731585
0.8945281
0.8699458
0.8333529
0.8964381
0.859166
0.8803144
0.8964952
0.8548598
0.8165545
0.8618033
0.8023981
0.8458445
0.8931574
0.9018018
0.8527115
