0.8368946
0.8106385
0.8208613
0.8374849
0.8011795
0.8587487
0.7680439
0.7969491
0.7408652
0.7504131
0.8098726
0.801988
0.7277306
0.7476304
0.6946409
0.7195411
0.7546143
0.8077443
0.7879339
0.7614134
0.761292
0.7600409
0.7315822
0.8175297
0.7148353
0.7039257
0.7667831
0.7799675
0.7801771
0.6989196
0.7483573
0.7478536
0.8131613
0.764501
0.74603
0.761326
0.7552124
0.8226789
0.8030713
0.7616109
0.7295083
0.7518862
0.7266101
0.8208564
0.8303382
0.8091766
0.8206533
0.783271
0.820814
0.8281363
0.8089986
0.8499823
0.8591031
0.8149348
0.8096407
0.7920215
0.813115
0.7756328
0.8111812
0.8379371
