-1.877995
-0.2175965
0.4583243
-0.7267469
-0.6890463
0.01502404
-0.3151078
-0.9361166
1.236854
-0.02162988
0.9595194
0.7423694
-0.447655
-0.1193875
0.4342458
-2.170026
1.121784
1.962614
-0.02087433
0.363746
-0.1930753
-0.4862759
-1.09541
1.311902
0.71804
-1.90178
-0.8633245
-0.08448478
1.870941
0.2933703
0.738834
0.1299372
0.3511086
-0.2308211
-1.435065
-1.305934
-1.639033
0.6460096
-1.372909
0.1761505
0.9024425
0.9548308
-0.8615608
-1.107099
1.995074
0.9956287
0.994116
-0.9787122
-0.5263407
-0.1956121
1.961577
-0.5689618
-0.407373
-0.8380396
-0.4993108
-0.1063908
-0.1381343
-2.00775
1.982682
0.3265103
0.384165
-0.8972436
-0.0928442
-1.348206
-0.0671327
-0.4025176
0.1897065
0.1274329
-0.5773068
0.6528931
-0.6601631
0.2560166
2.285494
-1.613924
-0.2892188
1.290132
-0.01310919
0.2336907
1.672899
1.251925
-1.311184
0.1360645
-1.912331
-0.01233489
-0.4484582
-0.3807795
-0.6084657
0.1667423
-0.01277391
0.5248714
-1.665549
0.1373008
-1.299976
-0.6545313
-0.5742696
0.6945303
1.377756
0.515986
-0.4791821
0.05731405
-0.003936369
-0.311085
-1.100866
0.1586947
1.453729
0.5742362
0.1741244
1.217201
-1.569232
-0.09993909
-1.322074
-0.5094726
-0.2634313
-1.205859
1.8872
1.06206
-0.2347342
1.075983
-1.034594
1.021994
-0.5107622
-0.9594225
-0.85798
-0.2897815
0.5698308
0.03711158
-0.1848055
-0.6772547
0.3135299
0.0765111
0.6176093
0.7450345
0.04091133
0.6444613
0.9498824
1.012984
-0.6008266
-1.790057
-1.231473
-0.9358522
-0.426184
-1.248654
-1.255393
-1.360453
0.9452516
-1.275743
-0.6206104
0.1921838
0.3617215
-0.3888462
-0.4432282
-1.402279
0.1670496
1.416453
-0.714241
1.635486
-0.4284662
0.8704769
0.1507106
0.2618918
-0.5542349
-0.6835336
-0.7410643
0.2630966
-0.6752192
-0.8140257
-0.7367585
-1.550835
-0.1521592
0.4112449
1.222189
0.5857732
-1.226309
-0.303416
-0.1601274
-0.2684115
1.331102
-0.9417197
-0.09796597
-0.6370608
-0.2715263
0.171358
-1.695807
-2.025878
0.0515306
-1.720885
-0.1512904
1.732733
-0.1120408
-0.8532946
-0.04059545
1.279351
-0.544276
0.9149404
-0.9142973
-1.038166
-0.04378622
-0.4506092
-0.1832205
0.8114571
-0.5624206
-0.9627891
0.03489311
0.7043144
0.2514009
-0.2348278
-1.370543
-0.6924354
-0.08053403
0.4442479
-1.451421
0.8422095
-0.9183159
-0.8360493
-0.4591182
0.7745557
0.6297662
1.420437
0.772522
-0.3574848
1.498547
0.9421713
-1.636329
0.3014285
0.6249292
-1.315066
-0.1367323
-0.7488341
1.326154
0.316853
-0.5201952
0.6480634
0.8472575
0.702457
-0.7730985
0.1630582
-1.072866
-1.305894
1.241248
-1.085553
0.4756832
0.1647249
-2.380984
1.199244
0.2453714
-2.109048
0.06096165
-0.1983813
-0.6285996
0.6755213
-1.414156
0.3673426
0.8180408
0.1958376
-0.4550629
-1.368795
0.8588887
0.7387549
0.8402033
-1.650623
1.13349
-1.196133
0.01336287
-1.818854
0.8420134
-0.6310616
-0.3747435
-0.5093457
-0.7118227
-0.3478705
1.691686
0.8900931
0.7595379
0.6052709
0.8234136
0.7460136
0.1340352
0.533191
1.217852
0.223565
-2.856345
1.569757
-0.2294112
-0.5592048
0.3497403
0.3211764
-0.5075002
-1.00114
-0.3783389
0.09856566
-0.811645
0.1081025
0.3853199
-0.7930065
1.549756
0.3010461
-0.2537625
-0.9784938
-1.52967
-1.044047
-0.7890624
-1.136219
1.358027
-0.6909453
0.03838383
-0.5520241
0.845175
-0.2291437
-1.029734
1.530311
1.35719
-0.3808742
0.2051078
0.5969647
-0.6058439
0.5663184
0.5241376
-0.7840821
0.5558632
-0.3996245
-0.5001075
0.4723544
-1.925361
1.834139
0.190355
-0.8804481
0.5574817
-0.3039971
-2.37366
0.299764
-0.2420507
0.6529539
2.124554
-1.224102
-1.577348
0.3602032
0.646008
-1.004738
-2.591352
-0.7728833
-0.9839102
0.1706396
-1.411777
0.1701729
1.745327
1.168261
-1.025866
0.1518395
-1.386519
0.8409816
1.223739
-0.107167
0.9367406
2.030877
-1.440299
-0.6799932
-1.942077
-0.2552212
0.1164931
0.7370336
-1.019627
0.7152814
-0.9077615
-2.053154
0.1441258
-1.19129
-1.172523
2.195944
0.6640635
0.2233947
1.308874
-1.397275
-1.063322
-0.4776972
-0.1093137
0.9259716
-0.9159327
0.2699547
-0.5800126
1.118869
0.7718505
1.167645
-0.4573508
-1.268108
-0.3090911
-0.1821169
0.3172194
0.0829796
1.054172
0.1258299
-0.4948032
1.471087
-0.3704017
-1.206027
-1.036759
0.3490417
1.270051
-2.116141
-0.002442554
-1.212024
-1.151035
-0.9408669
-0.4521358
0.8846066
-0.1822042
-0.02401746
0.7541412
1.982189
0.3598962
-0.01822394
-0.4024827
-0.0325039
0.936038
0.2634466
-0.05080859
0.3803484
1.135843
0.4830494
-1.441739
0.08905829
-0.5502
0.7253614
2.453017
0.1070013
-0.5271814
1.170581
0.1218853
-0.9221727
0.491538
0.9492045
1.667734
-1.689366
-1.353238
-0.8348588
0.5158123
-0.8804207
-1.545785
1.022477
0.4080579
-0.2467301
0.628852
-0.2881209
-0.6033061
0.5106238
-2.565395
-0.6765689
0.3853937
-1.364494
-1.737687
0.1168941
1.879572
-0.3014095
1.338025
-0.2949544
-0.5046979
-0.3768702
0.4387025
0.4079593
-0.7941196
-0.6071445
0.1816701
-0.7049512
0.6930391
-1.211074
0.03161924
1.195365
-1.044358
0.05736094
-0.1282443
0.07212626
-0.9049472
0.2607512
0.4599997
1.238411
0.986955
1.42465
-1.452584
-1.745145
-0.9122714
-1.960027
-1.29086
-0.03492474
-2.475308
0.8758419
1.977924
-0.2897159
0.2991398
-1.386787
-1.339686
1.121802
1.019886
-0.3117762
-1.004584
-0.2685533
-1.106793
0.8017895
-0.446205
0.8317834
-1.456419
0.05580193
-0.3092276
-0.1923029
-0.32165
0.1525017
0.7524691
0.7137756
-2.564708
-1.525859
0.515924
0.1268581
0.3488892
-1.018364
0.9142236
-0.9431925
-0.877056
0.1882445
1.624713
-0.4826264
-1.02986
1.819823
-0.8729044
-0.2815491
0.001418888
0.3411188
0.04353557
-0.7994431
-0.7951098
2.034445
0.589657
0.1285203
-0.1875675
-0.03763491
-0.2122535
-0.09181234
0.001752417
-1.270826
1.988352
-2.033925
-0.09732042
1.338557
-0.4869762
0.3333623
-0.4618311
-0.4837813
0.3177417
1.374932
-1.502872
-0.5171722
-0.128031
-0.4478507
-1.62268
-1.095762
0.6923717
0.4335
0.1109399
-1.481512
-0.01459258
1.843677
0.8263131
0.009628211
0.5163996
-0.4536246
1.102766
-1.578639
0.1725644
-1.739372
-0.1374311
-0.2098572
0.6605775
-0.3802547
-0.7688493
-0.7937869
2.840763
0.3059032
-1.490278
0.1907393
-0.03419662
-0.76048
-0.3190047
-0.3737981
0.7423274
0.2038013
0.745456
1.254354
0.3257507
1.197865
1.249263
-0.1808816
0.669341
-1.153095
-1.593616
-0.1532886
-2.167469
0.1936746
2.529136
-0.9154127
0.6383529
-2.402757
0.109398
2.522126
0.005452946
-0.5981987
0.1894501
0.4809485
-1.560976
-0.6511599
0.239276
1.221506
-0.7090501
-0.233488
0.2269622
-0.1393503
-0.1219105
1.387029
-1.993404
0.9341878
1.679394
1.159485
-0.06567821
-1.689086
-1.256849
1.926115
0.218081
0.5465559
-1.257478
0.9857097
1.308176
1.103424
0.9355147
1.758443
-1.424563
-1.00944
-0.4044092
0.3553148
-0.1441917
-0.4138908
0.691389
-0.1135727
0.2279115
0.1082774
0.5205744
-2.248063
-0.01381866
-0.4996963
-0.360681
0.7654796
0.9187744
-0.785369
1.358617
-1.127457
1.091303
0.2926165
-1.985861
1.272251
-0.8059662
-0.7283726
-1.208674
1.665671
-0.7764848
-0.7266783
0.3731289
-1.672468
-1.070719
0.2854124
-1.566172
-0.4923782
-0.14232
-0.0001326313
-0.7846402
1.272846
-2.768717
0.6489084
1.329917
0.380183
0.7496918
0.5771375
0.9771784
-0.2632113
0.1102408
-1.546948
2.071865
0.6742315
-1.074771
-0.2078368
1.007085
-1.030833
0.3656299
-0.410627
-1.100869
-1.962138
-0.6723432
0.5727684
0.7271705
-0.09996501
-0.533218
-1.060351
1.755727
-0.4114889
-1.62491
-1.46375
-0.6001719
0.4245018
-0.5082251
-0.9822881
-0.3021125
1.825556
0.5855084
-0.2033098
-0.7442378
0.8269095
0.7934735
0.5093859
-1.644775
-0.6664255
0.8001799
-1.12136
-1.214054
-1.168314
0.4406058
-0.7249609
0.5592889
-0.1202538
1.437212
0.5605322
-0.2909436
0.3228142
0.9769861
1.750361
-0.2208116
-0.5484675
-1.969447
0.9911734
-0.6416063
1.296985
-0.8710335
1.298885
2.244583
0.7966038
0.06488955
-0.07095748
0.7486371
-2.532712
0.1460177
-1.400578
0.1202111
0.06928641
-0.4236748
0.655205
-0.7200391
0.6928268
-0.9705029
1.336338
2.052983
-1.147158
0.2285991
-0.6446584
-0.9581406
0.18577
-0.3051894
-0.3026227
0.6280431
0.7991617
1.299482
-1.06924
0.8079683
-0.3438467
-0.2296935
-0.5686734
0.8339761
0.499688
0.7829168
-0.1983515
2.03337
-1.017649
1.833711
0.07929076
0.7994213
0.266348
-0.5225921
-0.9151697
0.1358934
0.4061888
-0.8972715
0.5320579
-0.516474
1.101347
0.1915386
-0.2827867
-0.687708
-0.9342262
1.472688
1.939314
-0.7502784
0.1142015
0.6051887
0.2234839
1.447379
-1.093812
0.1239114
0.03057865
2.025271
0.7332012
-0.4977869
-0.6243043
0.1547187
-1.28921
0.1402521
-0.9647179
0.6576855
-0.8822504
0.6492046
0.6497621
-1.236587
1.076092
1.819159
-0.5986294
-0.5814136
0.2232037
-2.401472
-0.410568
-1.13587
1.668063
-1.875646
1.49823
0.5884078
0.5612781
1.231212
-1.848179
-1.789678
0.8616834
0.4968735
1.423916
-1.586403
1.989899
-1.154435
-2.612885
1.199513
-0.1007033
0.1801763
0.72811
-0.406142
0.8813553
-0.8218475
-0.7865171
-0.2668324
1.984827
-0.3460361
0.5174487
0.5836982
-0.01547458
-2.100848
0.1611981
-0.476668
0.6572505
1.095907
0.5297574
-0.2386432
-0.2533517
2.091113
-1.625855
1.354491
0.009075738
0.04190266
2.072921
0.06396121
0.9772934
-0.5904532
0.3610747
-0.7458316
-0.1719343
1.100485
-0.5732486
-1.167492
2.114848
-1.504026
2.482271
-1.732213
-1.024323
-0.3666169
0.4352199
-2.196011
-0.5505389
0.5039678
-0.9541121
-1.399145
-0.4972312
-0.8648967
-0.01790987
0.357253
-0.1637639
-0.09806485
-0.4817973
0.4014917
-1.73878
-0.790413
-1.039212
0.5343612
0.9767717
0.8881102
1.82491
-1.416588
-0.8201341
0.07139057
-1.0779
-1.528854
0.2860838
1.004072
-0.9242695
-0.244721
0.8666227
0.9610695
0.1591853
1.216306
0.09749667
-0.6896582
0.3406819
-1.657546
-0.7168818
1.023987
1.006958
-2.911785
-2.29125
1.289789
-1.312693
-0.0659686
2.06502
-1.870177
0.7241681
-0.5888531
-0.2903316
-0.2030064
-1.267193
-0.4118809
0.003857745
-0.1058467
-0.9340023
0.3813896
-0.3982319
0.5048273
-1.14586
0.6049984
0.2645348
0.4390138
-1.540156
-0.9600492
-0.510231
0.2672752
0.7379075
1.56207
-0.6928903
-0.5503172
-0.1238526
-2.30338
0.1707829
2.145926
0.6178306
-0.5469662
-0.3261504
1.514825
-0.5328073
0.5336897
0.561784
0.9663188
1.171258
-0.1097494
-1.847586
-0.1361101
1.019075
1.463753
1.405379
0.2202178
0.9455444
-1.416117
1.848745
0.30356
-0.9636977
0.7736688
0.7446667
-0.03356251
0.547462
-0.09337235
0.4058112
1.846398
0.2016285
1.446745
0.2092462
0.3278022
0.4254272
0.1287856
0.983777
-0.04806044
0.0175732
0.7227339
1.577393
0.9528688
1.126215
-0.8842791
-1.048691
0.9362559
-0.7187915
