1.052971
0.1884379
-0.4044278
-0.004410387
0.2504326
0.7731476
-0.01843169
0.2194313
-0.4660279
-0.3369436
0.5916843
0.03991303
-0.2843333
0.1057169
0.1319052
-0.4771512
0.9796835
-0.369611
-1.341944
0.389426
1.060287
-0.5787237
-0.374482
-0.1852584
0.03020626
0.04841733
-1.01381
1.222514
0.7573469
-0.3448433
0.1611377
0.6069055
0.4842907
0.09802912
0.1603551
0.5461679
-0.1124114
-0.1555208
0.06545445
-0.08366264
-0.5601039
-0.3053377
0.9615566
0.5702533
0.05784532
-0.1325734
-0.2968864
0.5140796
0.09869852
0.006066659
0.3748537
-0.4212884
0.9124503
-0.3250279
0.1680505
-0.1174653
-0.3679261
-0.9447362
-0.5323507
-0.05865858
-0.00492221
0.4457181
-0.2700752
0.3379847
0.3425217
0.1910153
-0.00685274
-0.3640269
-0.06058077
0.1945314
-0.07619218
0.6797667
0.07926327
0.1386594
0.2559868
0.1354764
0.2292517
0.1119157
-0.04345722
-0.3881685
0.2862456
-0.5949349
-0.5399841
-0.3850024
0.4499876
-0.5291538
0.9393435
-0.2783207
-0.2156088
-0.5989728
-0.07234985
-0.04438825
0.2633076
0.8288952
0.6874924
-0.4534451
0.05358765
-0.0007635375
0.01281305
-0.8507138
0.270704
0.2321103
-0.3178534
-0.4092174
-0.1417017
0.1727589
0.9066773
0.2274428
-0.6875635
-0.08625056
0.1295781
0.6613008
-0.6802367
-0.8116646
0.7036722
-0.3939341
0.1009543
-0.09661315
0.6275954
0.03433849
0.4413393
-0.6325012
-0.2967129
0.2547308
0.889424
-0.4498913
-0.3837544
0.709438
-0.7610302
-0.6900021
-0.08246198
0.4020036
0.6471332
-0.2805811
-0.3205357
0.01493831
-1.119357
0.7322556
-0.9656817
-0.16378
0.4783939
0.9166343
0.05685419
-0.1288467
-0.3628906
0.670904
0.546981
0.04254089
-0.9213635
-0.1476244
-0.4397025
0.06493385
-0.8448287
1.349306
0.09407556
-0.8484579
0.7311719
0.1717186
-0.2905262
-1.243493
0.01852389
0.320324
0.4169158
-0.7311658
-0.3977841
0.04137572
-0.1264176
-0.5257403
0.2152432
0.4159827
0.2349012
0.5217359
-0.1724428
0.01326527
-0.9627528
0.416701
0.2266543
0.4213532
0.5151607
0.1478578
-0.4129694
-0.5096374
0.5912831
-0.3518321
0.6538326
-0.04284788
0.3612036
0.8335269
-0.8682162
0.009046314
0.3395283
-0.1216561
-1.010829
0.6795344
0.034824
0.02202158
-1.373771
0.9749003
-0.2723169
-0.04092852
0.6745768
0.1713433
0.6250203
0.7025968
-0.103437
0.2737013
-0.6976307
-0.09344372
-0.09345186
-0.70705
-0.2396547
-0.5106972
-0.3614187
-0.2298294
-0.2223985
-0.6737339
-0.1908614
0.1651002
0.6462079
0.3642847
0.4083812
-0.6947472
-0.2414802
0.3383416
-0.3141137
-0.10001
-0.2485773
-0.8064535
-0.1730309
-0.1999874
0.3105315
0.4501383
-0.9708359
0.1224022
-0.6250905
0.04292702
-0.1218005
0.8759118
0.1847981
-0.67609
0.7619362
0.3286197
-0.5215008
-0.4219362
0.399682
0.1581546
0.9496165
-1.134521
0.03564474
-0.4725439
-0.2365481
0.1221214
-0.01933257
0.1257902
-0.08562892
-0.1940108
-0.04288584
0.07748777
0.7034014
0.4172273
0.2785006
-0.02988474
0.6886509
0.2552285
0.2784254
-0.7342068
-0.2648767
-0.2447547
0.2090275
-0.4254022
0.5029844
0.1011586
-0.7196057
0.3169381
0.2828979
0.2738774
-0.01440029
-0.4306434
-0.7398761
-0.2516714
0.06505047
-0.5715763
-0.3300676
-0.1147596
-0.365407
0.8021607
-0.06887393
0.01274677
1.059041
0.9067133
0.5006228
0.09711149
-0.7323863
-0.1358429
0.5898199
-0.428441
0.5124669
-0.3515335
-0.0496718
-0.3492672
0.3457794
-0.1258694
-0.1470179
0.5826954
0.04741492
-0.6925078
0.4739924
0.6300083
-0.3801479
-0.4262375
0.1423389
0.4670599
-0.553852
0.7489118
-0.3415168
0.5802894
-1.056461
0.8289844
-0.2946852
0.2784304
-0.1328069
-0.6414244
-0.06479629
0.3238344
-0.3170008
-0.495181
0.1244
-0.7422027
-0.2800779
0.1362308
-0.5872643
-0.3342272
-0.2973607
0.3541876
-0.0850377
-0.07193568
0.8874619
-0.1131544
-0.1109942
0.6473283
0.6754825
-0.4167829
-0.2118869
0.626355
-0.2577768
0.06752393
-0.3408992
0.7101284
-0.888844
0.0815211
0.9596203
-1.689487
-0.577325
0.1511468
0.3689194
-0.7368546
0.1824586
-0.8220359
-0.1978697
0.5056986
-0.5389547
1.158221
-0.8003369
0.117709
0.06987833
-0.5884707
-0.1701102
0.2118067
-0.4904977
0.3050579
-0.5635778
-0.6387326
-0.3056865
0.2901613
-0.2027278
-0.2379175
-0.4713364
0.6308724
-0.1007988
-0.00251817
-0.321388
0.2530872
-0.7974066
-0.5343602
0.8612528
-0.6069104
-0.3919908
0.6713275
0.08965457
-0.2220874
0.4111038
-0.1969722
0.3960294
-0.1357519
-0.1745756
-0.2297314
0.3769265
-0.2764447
-0.09067918
0.3714617
0.2714505
0.1590842
0.418175
0.01974945
0.8432005
0.4494226
-0.08652756
0.02347896
-0.4724207
0.477504
-0.1556114
-0.4460605
-0.2236453
0.4512445
0.2253292
0.3380651
0.3779818
0.2536407
0.07325502
0.321399
0.27923
0.08773951
-0.4965869
-1.052591
0.1094901
0.2760994
-0.3603279
-0.4106917
0.1867257
0.1715129
-0.03804997
0.1168926
-0.3458065
-0.1005438
-0.7340268
-0.3737673
0.3155513
0.5408516
0.5821683
-0.8684025
0.3260544
0.2177089
-0.7891183
-0.6541057
0.4448211
0.00311774
0.07862634
-0.6293843
-0.249462
0.5952573
0.02186423
-0.4531676
-0.4828074
-0.509348
-0.06541117
1.602032
0.06872541
-0.01207349
0.1733258
0.2427058
0.4988764
-0.1759742
-0.01121412
0.2556074
0.2734728
-0.04647944
1.236891
-0.7180428
0.01886358
-0.5172795
0.7416062
-0.1639653
0.07007867
-0.04900271
0.5993483
0.2287218
0.07045767
-0.4754914
-0.2277415
-0.4894876
-0.2911726
-0.1223527
-0.4560617
0.1801102
0.8117227
-0.4830413
-0.2148051
-0.1919765
-0.5109731
0.5995952
0.01071979
0.5857699
-0.03350362
0.2072963
0.60619
-0.5113715
0.05414882
0.01419351
-1.058015
-0.07856882
-0.004337457
-0.3684301
1.190126
0.1694723
-0.6404962
-0.6075106
0.5156147
0.7310705
-0.3667127
0.7152361
0.1613549
-0.9270015
0.3026719
-0.2614843
0.5320078
-0.01724551
-0.02030627
-0.4299144
-0.05021852
-0.2728897
0.1043875
0.2085998
-0.5354162
-0.4681518
0.2913129
0.01482642
0.1128296
0.4501776
0.8929412
0.2891136
-0.3874783
0.4351177
-0.2243678
0.2818891
-0.8810982
-0.06644513
-0.2153998
-0.5717888
-0.7592564
0.9266853
0.1553544
0.5533729
0.568709
0.01994406
-0.4142615
0.2664237
-0.4223876
-0.5264358
-1.273373
-0.3173317
0.6554145
-0.1877023
-0.6374871
-0.1166386
-0.3541825
-0.04965799
-0.3522505
-0.3496551
1.063593
-1.247163
-0.2168619
-1.080374
-0.09363084
-0.5962918
-0.3548523
-0.6858853
0.2194429
-0.5431613
-0.02724372
0.560626
-0.008596289
0.201084
0.6947398
-0.4387273
-0.1917593
-0.7352768
-0.1644517
-0.6064913
0.3124172
0.1025228
0.08718222
0.520211
0.2538686
0.5871883
0.17397
0.1852999
-0.3084627
-0.1809065
1.598145
-0.4963371
-1.085632
0.697603
0.6483637
0.09204683
0.3058574
0.5304038
-0.03930842
0.6802517
0.7877722
-0.9777055
0.03206334
0.05740836
0.1724972
-0.09894311
-0.09856995
-0.7900356
-0.1089836
-1.183373
0.7816181
0.116075
-0.7917671
-0.1177252
-0.1475581
-0.2321288
0.2444559
0.3873771
0.2418649
-0.02408439
-0.8977913
-0.2089079
-0.5186801
0.003202348
-0.5677744
0.486916
-0.03528943
-0.1414874
0.7308607
-0.7931791
-0.532386
0.3130216
0.5045747
0.3647369
-0.1584232
0.8203242
0.1470948
0.06144877
-0.2773822
0.4745744
-0.5771759
1.554037
0.4750651
-0.2364608
-0.07139499
-0.1745408
0.6398441
1.144557
-0.4331729
-0.1021295
-0.4242328
0.3815268
-1.73085
-0.2699149
0.5405049
-0.6526717
0.04351122
-0.2588246
-0.1691122
-0.03596736
0.1520031
0.3061425
0.07693116
-1.030648
0.1931806
0.1747174
-0.06695446
-0.00750892
-0.0322463
-0.5460561
0.1956382
-0.2289782
-0.1410234
-0.5496939
-0.3128403
-0.2082583
-0.3658463
-0.4537813
0.1835953
0.607982
-0.1990528
-0.2928505
-0.2361391
-0.5258275
-0.1475119
-0.6819848
0.07905637
-0.1838329
-0.05995584
-0.5444314
-0.5135685
-0.7088615
-0.342048
0.2625126
0.7365637
-0.2149404
0.137106
0.3920534
-0.6024247
0.133885
0.8683352
-2.017275
-0.03492379
-0.7160119
0.1567123
-0.3814915
0.08328956
-0.2070937
0.1283504
-0.2196075
-0.09654503
0.4747377
0.04885823
0.06218375
-1.609528
0.3120257
0.1508304
-0.4254785
-0.5525169
-0.7580429
0.5624385
0.5934168
-0.01534929
-0.4772303
-0.2357337
-0.4503023
0.2616372
0.6104682
-0.4812409
-0.9007425
0.2012641
-0.1483229
-1.116969
0.2637939
0.1248529
0.2610537
0.07653204
-0.3820194
-0.2746227
1.164143
-0.02635315
-0.5593832
-0.1156523
0.5817018
0.1083892
-0.1349509
-0.1078523
0.3201453
-0.9374329
-0.7641752
0.5693874
0.3999168
0.2350043
0.3440119
0.1406944
0.261014
-0.6704015
-0.01151331
-1.136206
0.02337903
-0.0430143
0.1663475
-0.4179207
-0.6536068
0.1868262
0.1977553
0.2687339
-0.05834766
-0.6941415
0.01921045
0.07980607
-0.3967906
-0.09669317
-0.3051578
0.5691078
0.5767314
-0.4366286
0.2732216
0.1584874
-0.8235422
-0.2570054
0.2336693
-0.5085748
0.2384164
0.2355102
0.7811075
-0.8698729
-0.7823333
-0.2004327
0.9395884
0.1323277
0.4169097
0.1617153
0.01893857
-0.2817581
-0.3157516
0.2212951
-0.3999068
0.2198042
-0.7462628
-0.5276533
0.03265578
-0.5913658
-0.4386263
0.7231883
0.5096518
-0.2453558
0.06917804
-0.1815841
0.5219074
0.2174021
0.3116866
-0.1325181
-0.03323076
-0.6285667
0.6504184
-0.8701559
-0.01377653
0.3286177
0.4335122
-0.1570145
-0.2938055
0.2706507
-0.2842313
0.5140446
-0.3507852
0.1464785
-0.05430366
0.1565776
-0.7700081
0.59243
-0.8326931
0.2174721
-0.4064839
-0.2965462
-0.4438172
-0.3236317
-0.3640679
0.8770301
0.1715362
0.4411408
0.2936088
-0.2994978
0.3919902
0.1060805
0.5141771
0.870818
-0.7795203
-0.1508843
0.5722233
0.7968781
-0.3886818
0.3462746
0.895665
-0.06535751
-0.6322781
0.2108159
0.4388821
-0.2436035
0.3459158
-0.04751141
-0.01224739
-0.7674631
-0.2819975
-0.747729
0.679776
0.246092
-0.2116892
0.3273392
-0.07992159
-0.1583427
0.2592861
-0.2725953
-0.1276435
0.4338702
-0.1867858
0.2868294
-0.2840116
0.0432765
0.03579993
-0.4254326
-0.3469306
0.3792852
-0.2985247
0.2248549
0.7897931
0.2768961
-1.328799
0.4100344
0.05518306
0.8230774
0.1457566
1.118974
0.01314507
0.7660586
-0.4287499
0.3371136
0.3850566
0.4075674
0.4001152
0.6448095
0.918155
-0.9821634
0.2561874
0.4642302
1.069141
0.2528764
-0.9823261
-0.3526099
0.1771584
0.6587273
-0.2159209
-0.1542157
0.05070115
-0.04138326
-0.1098219
-0.4328636
-0.09371049
0.03554442
0.3700456
-0.3927949
0.6690842
-0.285615
-0.2551188
-0.7263134
-0.3649184
0.2569288
0.23856
-0.08212923
0.1244718
0.6638932
-0.1113962
-0.2328388
1.090177
-0.2654539
0.2813659
-0.4935105
0.4054686
-0.4446273
-0.7126233
-0.05302235
-0.2060547
-0.1509565
-0.164909
0.3145181
0.3693573
0.0316316
-0.1019962
-0.01473506
0.08608994
-0.5322455
-0.1225794
-0.1188815
-0.07341613
0.6370887
-0.6752743
-0.003454307
0.3013518
0.7894921
0.07660615
0.8213357
-0.2626724
0.9081102
-0.545857
0.2395773
0.2226397
-0.3383909
0.1813054
-0.3667281
-1.099284
-0.1474819
-0.5477036
0.5483046
-0.151407
0.3264983
0.06870832
0.5139889
0.1389114
1.324637
-0.7021156
0.02240895
-0.1460427
0.1665851
-0.1270666
-0.1138746
-0.1301466
0.1042718
-0.2171295
0.02053085
-0.1871402
0.4949829
-0.8708194
-1.149084
-1.325814
0.4445216
0.949043
0.6098279
-0.1749939
-0.08821682
-0.4906572
-0.2682331
-0.2987574
