0.02596938
-0.2436187
-0.02197985
0.09850428
-0.01206566
0.1019819
0.09329839
0.1076995
0.1224773
0.02332717
-0.005076132
-0.2161506
-0.04638458
0.1031602
0.02176446
0.03517015
-0.08484364
0.2197676
-0.1130342
-0.02034727
0.04745402
-0.01555854
-0.02949253
0.003740272
-0.1356975
0.05378779
-0.02131298
-0.1307074
0.02036626
0.06351774
0.01978629
0.007487744
0.1313017
-0.01172824
-0.3169975
-0.1303369
-0.03491684
-0.04105113
0.1595639
-0.04068846
-0.02206394
-0.08246423
0.008776661
-0.05913465
0.1114462
0.04374684
-0.1337153
-0.02113166
-0.03730343
0.02418557
-0.1407945
-0.1875281
0.1309807
0.02764648
-0.07245339
0.05529592
0.1623039
0.166775
0.1228993
-0.002969463
-0.08468125
-0.08447219
-0.1690094
-0.04667794
-0.02437641
0.06367771
-0.06653
0.1602321
-0.2034337
0.004654383
0.1226854
0.08611512
0.0310837
0.02396562
0.03976298
0.05618298
-0.02312074
0.02486669
-0.06704974
0.05806895
-0.1709048
-0.08076169
0.1411471
-0.01280928
-0.05647532
-0.1358401
-0.02702104
-0.1050916
-0.1263852
-0.02546207
-0.04489021
-0.1198549
0.1271384
0.1550502
0.1469986
0.1349585
0.001256468
0.01787764
-0.01259022
0.2393669
-0.1294845
0.1179114
0.0036743
0.03454195
0.003714584
0.04442019
0.1094863
-0.03320656
0.1006356
-0.1253082
0.09183689
0.132857
0.03864414
-0.01141348
-0.137956
0.1435329
0.07148976
0.1297616
0.09901144
0.1540566
-0.03378507
-0.1024619
0.01263952
0.02327883
-0.0424012
-0.03865491
0.115973
0.03112905
0.003458965
-0.1051887
0.009949366
0.0818562
-0.06910819
0.01938012
0.02721037
-0.00542009
-0.2788016
0.1615479
-0.1058053
0.071612
0.03885074
0.1439615
0.1079766
0.19389
-0.03066491
-0.004120633
0.2818256
0.2125917
0.007586972
-0.01412517
0.05729434
0.01531875
-0.036677
-0.254737
0.08305495
0.1811326
-0.03058356
0.1783615
0.03490461
0.02108894
0.1295961
-0.04905141
0.1405121
0.08598647
0.07391097
-0.0611324
-0.004050102
0.09542014
0.1008435
-0.1161752
-0.04371224
0.09335126
-0.1553007
-0.004951318
0.02564964
-0.0382566
-0.06931211
-0.04739868
0.01266781
-0.1078115
-0.1389721
-0.1899223
0.07575595
0.08404862
-0.029434
-0.02461839
0.008772533
-0.1190801
-0.02304905
0.0265348
0.0265714
-0.0495763
0.03309357
0.08793935
-0.06594482
-0.08446873
0.1678193
0.1494182
-0.003225124
0.1976184
-0.04303585
0.07222172
0.006946146
0.03648752
-0.009780974
-0.02000988
-0.07098962
0.1226025
-0.01951151
0.1751249
0.1051962
0.08212884
0.04306334
0.06750472
0.05815259
-0.1937199
-0.09451114
-0.1930045
-0.02715881
-0.1129907
0.01621897
-0.2520206
-0.1734404
0.1695662
-0.02097988
-0.002271136
0.1152576
0.05270079
0.01744866
-0.1103236
0.08970949
0.04505515
0.1830198
-0.06640023
0.07531967
-0.00811312
0.1150165
-0.001020505
-0.07601527
-0.06190966
-0.01430578
0.05436832
0.03742005
-0.09588587
-0.09525239
0.1382977
0.191183
0.07152516
0.002451429
0.1575718
0.0631314
-0.05536835
-0.1102605
-0.03343827
0.1026297
0.06198342
0.01048258
-0.122249
-0.06222382
0.2371193
0.1040864
0.1108449
-0.05237917
-0.05858755
-0.06850863
0.1940944
-0.1624686
-0.06985623
-0.09634914
0.08075286
-0.0615555
-0.0277418
-0.1286173
-0.08438434
-0.04355733
-0.001798626
0.103702
-0.1444532
-0.009661575
0.01525054
0.04779885
0.1168622
-0.07730605
0.15135
-0.1147411
-0.0183664
0.04959881
-0.01040238
-0.06764932
0.135874
-0.1877941
-0.006372342
0.04752357
0.2933891
-0.08007235
0.1475151
0.1180014
-0.02154971
-0.02599881
-0.1495917
-0.1287122
-0.2621677
-0.07756285
-0.1095661
-0.003235528
0.001554826
0.03656783
-0.1756469
-0.004202927
0.215161
-0.2510495
0.1173972
-0.01618955
0.1437807
0.1366777
0.09981059
-0.1784979
0.05833681
0.04448507
0.01034152
0.04752291
-0.04468313
0.08123036
0.100676
-0.0261732
-0.01548475
0.1196182
-0.05971195
-0.1639289
-0.09776711
-0.05097525
0.01352956
0.08547659
0.1109276
0.1199006
-0.002887466
0.01193016
0.1439232
-0.1197683
0.08095296
0.006755556
-0.09866039
-0.02609222
0.1110737
0.1232945
0.03765867
-0.01979442
0.2381344
0.01286544
-0.04591426
-0.03244089
0.05871351
0.09484064
-0.1255215
-0.01449749
0.08111697
-0.06648452
-0.1654526
0.07211047
-0.1457787
-0.02376415
0.09554338
0.02411233
-0.1844635
-0.09973424
-0.102012
0.09508713
0.03513021
-0.08812261
0.04391214
-0.1491446
-0.09066179
-0.03407767
-0.04196845
-0.06360682
0.02205788
0.04840052
-0.1011983
-0.0002836732
0.1423091
0.01863855
0.2148227
0.1274413
-0.3106283
-0.1588338
0.0861638
0.008593983
0.1090691
0.1021112
-0.06202108
0.03452576
-0.02143245
0.03038128
0.1002476
0.01011615
-0.02897964
0.1429595
0.006236168
-0.1397027
-0.009570118
-0.1318005
0.04220378
-0.1200571
0.1234772
0.05999073
0.09785408
0.008745513
0.08482882
-0.139185
0.01733606
0.03255076
0.08326758
0.008967342
-0.1528441
-0.07650251
0.02110842
-0.03146232
0.03056693
-0.01622829
-0.08075277
0.07473703
0.1224524
-0.08565268
-0.01036344
-0.03316015
0.08548926
-0.05530097
0.04025859
0.0839855
0.1034203
-0.1616549
-0.1070801
0.05334651
0.0266092
0.03684502
-0.1705238
-0.1471996
0.1599584
-0.0572616
0.01899073
0.02634781
0.07801217
-0.05943675
-0.04637951
-0.08770502
-0.1029696
0.08786173
0.07437705
-0.07543094
0.1174743
-0.2156816
-0.001456137
-0.08207417
0.07932587
0.01056373
-0.004871029
0.02891865
-0.1371409
-0.06243737
0.04357794
-0.1497582
-0.1427713
-0.1058224
0.3174675
0.1664578
-0.1369954
0.06001963
0.08977965
0.01335405
0.03570585
0.06789261
-0.04850822
0.02637151
0.00376702
0.007969722
0.05711297
0.1044575
-0.1384451
-0.03955611
0.02131621
-0.02536933
0.02458201
-0.01862646
0.06486741
0.1306435
-0.04257714
0.09249208
0.08562878
0.1298155
0.06749386
-0.009591662
-0.2010216
0.02085064
0.1807715
-0.0111137
-0.008535381
0.08431166
0.1407329
0.03814502
-0.1449415
-0.05358372
0.04595042
-0.008111583
0.06121831
0.06144565
-0.06982887
-0.08250555
-0.02894524
-0.07357488
0.09740237
0.1838523
0.05171486
-0.06197025
0.06727386
-0.03846221
0.06671823
-0.09193245
0.2001974
0.1427031
0.03201597
0.1901964
-0.1427536
0.1513843
0.06705738
0.06760231
-0.09959289
-0.007583356
-0.007849003
-0.01985108
-0.08871558
-0.05727239
-0.01103715
-0.0593329
-0.007505429
0.1313478
-0.04535265
-0.1097982
0.1420898
-0.08616669
0.3390315
0.03392173
0.003767938
-0.06624223
-0.003378708
-0.08768325
0.09005718
-0.02697508
-0.09304734
0.1361849
-0.01473062
0.150812
-0.2369901
-0.03067859
0.005827969
0.01396952
0.005308388
0.06714864
-0.01337548
-0.08765011
-0.02153022
0.02114532
-0.09802546
-0.1520158
0.1822999
-0.1186185
0.1004529
0.01822752
0.01237141
-0.01391922
0.2557749
0.04826154
-0.02987008
0.01281682
-0.07996857
0.1971653
0.1523931
0.12713
-0.06300674
-0.08367196
-0.006711788
0.09349128
-0.02377813
-0.05271231
0.1831634
0.05456249
0.0228812
-0.0002033386
-0.0404535
-0.1644049
0.0513428
-0.006108618
-0.1591677
-0.1783943
0.05608348
-0.05646456
0.03175334
-0.1861803
0.1334257
0.1319501
-0.165542
0.007831025
0.1185723
-0.06003526
-0.04790811
0.08338311
0.02561877
0.052524
0.03449541
0.141042
-0.02301158
-0.06952666
0.006719527
-0.009376586
-0.1737327
-0.1015081
0.06277452
0.02461723
0.09734432
-0.04349617
0.2005898
-0.1350465
-0.05292163
-0.07042719
-0.01301394
-0.08869751
0.1466647
-0.159114
-0.002806911
0.1713262
0.04616289
-0.1688208
-0.04209499
0.1490822
0.2304496
0.07780974
-0.06877431
-0.09576598
0.107779
-0.03728597
0.06073619
0.01257718
-0.04474502
-0.1005178
-0.1361593
-0.1291015
-0.05782801
-0.05002507
-0.02735051
0.1228289
0.0001191284
-0.1178842
0.04372956
0.08078805
-0.08655798
0.03889346
0.1269092
-0.05871841
-0.04818514
0.003951437
-0.1683385
0.1189959
0.2371594
0.05533949
0.005983442
0.1571251
0.07984366
0.1366916
-0.06982146
0.180767
-0.01701096
-0.04125312
-0.1439384
-0.04077994
-0.1006021
-0.01667222
0.1014617
-0.03682218
-0.1152388
0.09182027
0.007002063
0.02027576
0.03207408
0.07885049
0.1264035
0.02636674
0.07556651
0.05372819
-0.06969315
-0.02905728
-0.01117523
-0.1249721
0.02282576
-0.02960336
-0.0835036
0.1023755
-0.1349515
-0.1692922
0.08240057
-0.0008210434
0.1990183
0.004807369
0.07822499
0.1168146
-0.0007636322
-0.07683098
-0.1812402
0.1685821
-0.0453885
0.1346521
-0.01997396
0.03283446
-0.04594199
0.02576547
-0.01287373
-0.09161095
0.0514431
0.1240181
0.134065
0.03289865
0.1638583
-0.05077433
0.002564992
0.02582027
-0.0807309
0.01565379
-0.180471
0.2056489
0.06887841
-0.1845094
-0.2668106
0.08539392
0.03252341
-0.119659
-0.08283021
0.0259186
0.01982801
-0.1255886
-0.03586917
0.0160055
-0.1319055
0.0029976
-0.09900311
-0.1769993
0.0254626
0.2274968
0.08006445
0.2300191
-0.164595
-0.09978808
-0.07884943
0.0676425
0.1636748
-0.003876708
0.05996643
-0.2096934
0.03036039
0.00504748
0.2932622
-0.08324619
0.121823
-0.08736785
-0.05431509
-0.1353154
-0.09671336
0.07174531
0.06186379
-0.08652852
0.07171513
-0.07312264
-0.03060864
-0.2566332
-0.09317848
0.07528386
0.1296702
0.08621599
-0.08474582
0.00093964
0.01705059
-0.008327708
0.03392596
0.05036313
-0.1344667
0.06976378
0.01273115
0.1386674
0.1345768
0.09321854
-0.0023227
0.06898273
-0.04935585
-0.2271928
0.03237775
-0.1315926
-0.09406371
0.06798849
0.03304242
0.02285882
-0.01755932
0.2434706
0.04273435
-0.1134768
-0.111855
-0.296377
-0.07308737
0.05608938
0.01577782
0.03289561
0.1105255
0.0785791
0.07872638
0.1169551
-0.05357885
0.03002385
0.1474255
-0.08849609
0.03535718
0.05959716
-0.0454712
0.06093252
0.1213085
0.09924527
0.07843491
-0.03605702
-0.006435174
0.09561423
-0.1013558
-0.06740353
-0.1033436
0.08816946
-0.06507038
0.08803789
0.05230032
0.09190774
0.1502016
-0.02840338
0.01680099
0.01487592
0.2144807
0.005684662
-0.0500613
0.1240999
-0.05343554
0.007920388
-0.04675654
0.04822375
0.0840128
0.002798646
-0.1436813
0.03854778
0.04990773
-0.05391211
-0.08088552
-0.09918208
0.09231496
0.1208978
-0.337801
-0.1112219
0.03081624
-0.06098549
-0.08732489
0.02401709
0.07873747
0.02508355
0.02499672
0.00276605
0.09000371
-0.1386278
0.06151118
0.001194838
-0.1492943
0.01779208
-0.05572568
-0.001449971
0.1045127
-0.0525087
0.146695
0.180093
0.1839927
0.02791067
0.05588438
0.003875318
-0.09603368
-0.1523984
0.02934203
0.07659435
-0.03097101
0.09962188
-0.1180064
-0.004107381
-0.01175029
0.2070069
-0.06069845
-0.01642022
0.08695389
-0.1031277
-0.02176083
0.007865696
-0.1691988
0.06612024
-0.07876982
-0.1090011
0.005417049
-0.0433829
-0.1079357
0.006806111
-0.05309738
-0.05264579
-0.006883723
-0.001211343
0.1347917
-0.0124434
-0.03532979
0.1087388
-0.006345218
0.06648258
0.139816
-0.02585836
0.01530662
-0.1509058
0.01642462
0.02578468
-0.02969118
0.0432054
0.06605084
-0.07784159
-0.04032324
-0.1525774
0.1001879
0.02767927
0.04316096
-0.01590547
0.04875023
-0.05234983
0.1851502
-0.05678707
0.207234
-0.1148716
-0.05531278
-0.1088422
-0.03606675
-0.06291973
-0.09765838
0.04239881
-0.02227281
0.1469466
0.0438299
0.0930298
0.1560209
-0.08753715
0.09293658
-0.04747634
0.06983982
-0.2140449
-0.1902016
0.2079827
0.07997909
0.1090213
-0.001039516
-0.03579629
0.0007983887
0.03354116
-0.06542892
0.0344204
0.02316186
0.09977625
0.0008434539
-0.06126704
0.02451937
0.02792252
0.1040278
-0.03488416
-0.1005022
-0.06645251
0.08350525
-0.06132036
-0.2151302
-0.01416557
0.07124925
-0.1599122
-0.0818247
0.08166319
0.1387608
0.02725612
-0.01451049
0.1185159
-0.009270105
-0.0496062
-0.01901828
-0.09239815
0.1567303
0.1847903
0.01855303
-0.07261977
-0.01093235
0.1020243
0.1087043
0.0341307
-0.009277088
0.1587259
0.02072015
