1.240885
-1.330863
-0.5461623
1.131725
-0.3262852
-0.6536382
0.6290717
1.753999
0.6447457
0.8924538
0.4732694
1.381387
0.1786515
-2.702003
-2.151297
-0.7865658
1.058630
0.705509
1.406690
-0.04555951
0.5943879
-0.8680997
-0.1157663
1.241742
1.986731
-1.141155
-1.062461
-0.6786722
1.511582
-1.125418
0.6128575
1.195325
-0.3973299
0.02805381
2.637235
-0.2155194
1.774437
1.220254
2.046601
1.029793
0.1676074
2.988076
1.701957
-0.9573557
0.1509402
0.9965185
0.4321539
0.4732925
0.4451929
-1.211981
-0.05678908
-0.4273368
0.8102353
-0.08552065
1.753038
0.2545894
0.9108162
-0.05368778
1.022492
-1.055382
1.183992
0.3300680
1.701363
0.1572063
-0.1851361
1.986313
0.5040967
0.2523899
0.6810455
-1.119498
0.8945593
0.7195025
-1.105487
0.07494201
2.470029
1.511101
-0.1951427
1.109987
-1.182015
-1.723796
2.170297
-1.619174
2.609102
0.04003605
0.4135134
0.5066597
0.2787053
0.04881253
-0.0145173
0.5073545
-1.267804
-0.1623492
0.9401657
-1.417341
1.157650
-0.08276839
0.431736
1.142224
-0.4578035
-0.3962334
1.433031
0.5380605
0.7342235
1.119209
-0.0295544
-0.7535388
0.6238962
-0.2268033
0.9036702
0.4261288
-0.6034476
0.2840183
-0.4637602
0.5964184
0.7253497
0.06623816
2.048372
2.693114
1.428359
-0.4092855
0.464237
1.263687
0.4835575
-0.398103
0.7750754
0.801717
-0.8784253
-0.7122504
0.4734927
-0.9697283
0.8538807
-0.1908481
1.634013
0.4500701
-0.08558256
-0.5173655
-0.4177053
0.5277071
0.8109403
-1.223637
0.9441164
0.9167146
-0.3041333
2.200430
1.195274
-0.1042006
0.1483682
0.7541727
3.008234
0.7696387
-1.477915
1.673514
1.327875
1.320695
2.789449
-0.7406844
1.119756
0.7345214
0.8379153
0.1923064
-1.536955
-0.338006
1.085532
1.123511
-0.0876085
-0.2417912
1.178861
-0.9476698
1.206170
-0.3307665
0.8268652
0.9178635
-0.5682725
1.997616
1.943196
-0.688305
1.005475
1.353669
2.133956
2.781607
-1.438958
-0.5510358
0.3459982
0.5765705
1.902115
1.367972
0.01811859
1.392042
-0.3268316
0.8797653
1.102285
0.3754292
1.07388
1.227858
0.2681092
0.7695222
-1.141320
-1.453916
0.7452555
0.0084748
-0.3310351
1.271179
-1.350655
-0.6029496
-0.9959742
0.7040783
-0.9661427
1.078468
1.187319
0.1359896
0.9137393
0.328826
0.7446972
1.934139
0.6778036
-1.257246
-1.082092
0.06706537
0.962112
0.8736395
1.827846
0.927659
1.295730
-0.479132
-0.4042039
0.1232729
-1.139808
0.4313335
-1.090670
-0.2458930
-1.114613
-0.2342255
2.954652
0.7534111
0.1791898
1.569859
-0.2192105
0.8116548
-0.7496631
0.687324
0.7233999
0.5401626
0.1835127
-0.3531505
0.476023
1.693627
-0.2590257
-0.3014770
1.709983
-0.6101844
1.373372
-0.344908
2.095793
2.917379
0.687057
0.3230893
0.9073604
-0.4361653
1.732175
-0.04983818
0.54557
1.301586
-0.6680809
-0.2507254
1.067680
-0.9705224
0.6805152
-0.7553782
1.897393
0.3705203
0.8051285
0.1559303
-0.04904784
-0.7173098
1.932914
0.2690943
-0.5120642
-1.116179
1.255662
-0.63299
1.639018
0.01928483
-0.927303
0.3166563
0.4668046
1.298828
1.188168
1.362310
0.02365501
0.06233124
0.5025426
1.418266
-1.017655
0.7734992
1.788732
0.1702532
0.7122611
0.906164
-0.846045
0.8319126
-0.04993079
0.2527604
0.4246776
1.361479
0.878482
0.6301569
0.8418669
-0.009392173
0.04026147
0.9322616
-0.2522303
-1.090740
-0.933763
-0.1630010
-0.2517366
1.867986
-0.2002097
1.734126
0.4637494
1.834191
1.433265
1.821736
0.2946952
0.1741960
1.217678
2.219671
-0.2779303
1.821204
-0.4480248
0.1414903
1.783299
0.72352
1.079575
1.814590
2.127503
1.146626
0.3729759
0.3119459
0.9108666
1.084164
-0.2969690
0.6689262
-0.08190538
0.3063966
0.3292457
0.3782541
1.297478
-0.884486
1.520376
2.066421
-0.1082453
0.03614881
0.55163
-0.03016736
0.6914345
0.7624393
1.155946
0.7727197
1.513083
1.116879
1.071133
0.2754818
0.2456394
0.943425
0.8402536
2.050033
0.3297376
-1.121035
1.348981
2.063967
0.1558610
-1.033496
0.1621731
-2.432014
1.857879
0.6346936
0.8313571
0.8645276
-0.4487441
-0.7876722
0.2802882
0.2478633
1.221734
-0.03405886
2.039321
-0.4553976
-0.06918578
1.194686
0.6235643
-0.6949143
0.1862707
0.839162
1.226083
1.549152
1.125567
-0.400383
0.3128895
-0.420113
1.223444
0.4450422
-0.8185392
1.220528
0.3342927
1.731892
1.038088
0.7087853
-0.450856
0.4380184
-0.8161073
0.2012688
2.050463
1.093490
-0.03731477
-1.041358
0.7820913
-0.03932423
1.377691
0.9300026
1.034330
-0.5621851
1.414350
-0.7569602
0.8467434
1.947111
0.9952878
0.9088475
-1.477613
1.220749
0.6324806
1.070343
0.2094927
-1.588934
0.5395527
1.041900
2.347285
-0.3661763
-0.1225667
0.9663279
0.661685
-1.444987
0.8266204
-1.324988
0.1466545
-1.063339
1.394312
-0.4166106
0.9848178
0.2361823
-1.815479
0.4598253
0.4925792
1.040517
0.04765131
1.287254
-1.151707
-0.3329940
0.4007271
-0.4893648
-0.3475654
0.9535966
2.425469
0.1727068
-0.7700326
1.106553
1.821356
-1.070127
0.716654
-0.9033898
-0.4458957
-0.7691283
0.4415358
-1.849447
0.6837246
1.189950
1.554946
0.4604637
0.4385174
1.629028
-0.3341499
0.3519102
-0.0840427
0.4590921
0.6469458
-0.6728307
2.591518
-1.148548
-0.5179298
-0.04218356
0.4460809
1.879440
-0.6345
-0.07923208
-0.5140652
0.8612888
-1.470965
-0.001044069
-0.007078161
0.4445146
-0.33368
-0.3385454
-1.311803
0.5927141
-0.2042878
0.3253576
-0.2878861
-1.592367
0.0701035
-0.8475273
2.615244
1.432941
0.7451422
0.292037
0.4531498
0.1259135
0.810272
2.691345
-0.2172898
-0.6511527
0.2309806
1.347396
2.441166
1.804167
0.6434138
0.1034926
0.488869
-2.406869
-1.332738
1.773279
0.01286140
-1.512591
2.051113
0.6137385
-1.143925
-0.6067114
1.498724
-0.3495306
2.49846
-0.439515
0.615652
0.751619
0.2634301
-0.8429446
0.5008735
0.5443907
0.7152505
0.2967596
0.2068458
0.441168
0.09855983
0.4430283
0.3303250
-1.809750
-1.739198
-0.3319844
1.079398
1.246260
1.470416
0.2276000
1.751056
0.5371217
0.4998119
1.432429
1.840400
0.948938
0.4684906
0.6801622
0.8758505
0.7014884
0.8224755
1.696060
-0.6988632
1.836939
0.6271954
1.26811
-0.2955085
-0.2796175
0.07892144
1.339145
0.2643294
1.144421
0.4872855
2.088021
2.363663
1.086888
-0.2279360
0.5496953
1.234605
1.515246
0.6747851
-0.3609613
0.5936895
0.9254536
-0.8692201
1.357615
1.520055
0.1534161
0.4659267
1.140205
0.7324523
1.700784
0.4248893
0.9246776
-0.07463641
-0.1529574
-1.006368
1.111971
0.8737947
0.3678055
-0.2604624
2.269079
-0.5750966
0.7809257
0.7771715
3.190523
1.032965
0.5232454
0.5618709
-0.5379819
-0.7819357
0.7503107
-0.1212080
0.4546276
1.294141
2.752976
0.4211216
-1.032000
1.968874
-1.459233
0.2378857
0.675478
0.9681742
0.4023334
0.5094415
-0.0007709257
0.6514349
1.801634
0.03004385
1.844165
2.474531
-0.346121
0.7461352
0.380824
1.707566
-0.05473652
0.4032698
0.4989678
0.996152
-1.98895
1.844066
2.163612
0.2312646
-0.1205670
1.896468
-1.088028
1.499430
2.295290
0.4637256
0.6602766
0.7507439
0.7715853
1.868810
-0.2167697
-0.06523897
-0.8072287
1.200523
0.5541119
-0.1983223
1.193091
-0.5374081
1.455075
-0.1846650
1.128836
0.0755438
1.202303
-0.2703057
1.906767
0.8287262
0.3207682
-0.6546319
1.862299
-0.1680541
0.7665158
0.7449657
1.735246
-0.2778372
0.485777
1.023059
1.219223
-0.4359567
1.527776
2.742622
1.338131
0.05987233
-0.2978863
-0.9104051
0.7170884
-0.6304124
1.576765
0.4312825
1.811113
1.661707
-0.2027725
0.854249
-0.3786330
0.3852927
2.316930
1.152904
-0.4318505
1.030887
0.1699841
1.983636
1.492356
-0.04056786
-0.9169827
0.9984838
-0.08977686
0.5104509
0.6250603
2.977397
1.339639
0.6003158
-0.01704317
0.2711194
0.8698834
-1.158416
0.8170753
1.159473
-0.6269361
-0.6018051
1.177999
-0.1213925
0.837646
1.124834
0.3755074
1.654615
0.81273
0.2919331
-0.1657033
2.220422
1.637074
0.6740508
-0.2415333
2.751798
0.8428217
-0.9131432
2.582338
-0.4992252
1.366675
1.181023
0.3935343
1.655093
1.235012
2.446577
1.020042
1.735086
1.21541
0.85591
-0.5402018
-1.158773
-0.6761558
-0.4772899
-0.1963732
1.184153
0.1930906
0.6215483
2.627928
2.763783
-0.3988744
-0.2932662
0.8390736
-0.8014919
0.1656871
0.2708486
1.918273
-0.757721
0.07243966
0.3462919
0.4631722
1.122758
-0.02563344
1.028090
0.6263273
0.6086226
0.325297
1.710825
-0.4951332
1.676506
-0.08869004
0.7054542
0.204654
-1.402484
0.4785586
0.04628561
0.6165481
-0.2427235
1.415009
0.576103
0.2185537
0.7514489
-0.5393398
0.007607823
0.899892
0.9222863
0.1320987
-0.1756176
0.5382221
0.1216494
0.4079033
1.290678
0.7602135
0.7753011
-0.2349328
0.2050026
0.76687
0.1584872
0.4065988
-2.175799
-0.8938729
-1.589403
-0.3353302
-0.04508493
1.760185
0.9824628
1.438088
0.1387259
0.9283781
0.8895392
-0.1508996
0.9367876
1.298915
0.920926
-0.4859508
-1.057873
1.369541
0.0571862
-0.944412
1.425602
-0.3402729
0.0068233
1.462358
1.092951
-0.7384745
-0.4168605
0.4767131
1.020538
-0.0001084121
2.549320
-0.5607765
2.256857
1.806928
0.1523286
1.352205
0.813148
0.1723289
1.724583
1.157694
0.9107236
-1.449245
1.595166
1.296073
3.127588
-0.07748334
0.8641827
-0.04453978
0.5892782
1.17741
-0.3517728
-0.1631064
-0.2996546
0.9050536
0.1142421
-0.892625
2.731913
-1.120446
0.4772592
0.1690913
0.1445526
1.068227
0.7822881
1.185080
1.152034
1.163262
-0.7907917
0.7216695
0.5856355
0.3564263
-0.7702905
0.5375656
0.6469703
0.6986128
2.427717
0.7312819
3.124438
-1.006415
-0.8347948
1.431536
-0.1122687
1.413431
-0.883458
0.4150303
0.8940642
1.044928
1.256283
-0.1865687
0.3365662
-0.2388787
0.1664972
0.05424203
1.003347
0.8231946
0.2961030
1.121444
1.153797
1.789107
1.214699
2.212610
-0.5551827
0.7873542
1.668851
-0.2463309
0.3538057
2.310026
0.2797976
2.260418
-2.13717
0.7343254
1.276639
1.109364
2.059684
0.6793347
0.9417106
-1.042887
1.211143
-0.6442334
0.4273475
0.5422205
1.479622
0.853293
2.658058
0.3978519
-0.7089152
0.2040704
-0.5341217
0.5399915
-1.391304
0.6523232
-0.05008437
-1.064446
1.155063
1.605104
-0.5128061
0.1257699
-0.3775156
0.6876656
-0.673117
0.3994373
1.324373
1.367405
0.9608367
-0.347239
2.188050
0.4471657
0.7733305
-1.312558
0.699558
0.1417381
-0.09640483
0.09074471
1.340818
1.185066
0.5706961
0.7924634
-1.276611
2.10363
-0.4149987
-0.07653417
1.059036
0.5547668
0.5594813
1.419058
0.7110194
-1.095787
0.8779762
-0.2734357
-0.1533063
0.9446754
1.076935
1.18433
-0.4538531
-0.1298016
1.299206
1.760889
-0.1030408
1.658559
0.2664228
0.6805133
0.634309
-0.0130652
-0.08488202
0.9339523
