0.00199999999998
0.00499999999998
0.00799999999998
0.011
0.014
0.017
0.02
0.023
0.026
0.029
0.032
0.035
0.038
0.041
0.044
0.047
0.05
0.053
0.056
0.059
0.062
0.065
0.068
0.071
0.074
0.077
0.08
0.083
0.086
0.089
0.092
0.095
0.098
0.101
0.104
0.107
0.11
0.113
0.116
0.119
0.122
0.125
0.128
0.131
0.134
0.137
0.14
0.143
0.146
0.149
0.152
0.155
0.158
0.161
0.164
0.167
0.17
0.173
0.176
0.179
0.182
0.185
0.188
0.191
0.194
0.197
0.2
0.203
0.206
0.209
0.212
0.215
0.218
0.221
0.224
0.227
0.23
0.233
0.236
0.239
0.242
0.245
0.248
0.251
0.254
0.257
0.26
0.263
0.266
0.269
0.272
0.275
0.278
0.281
0.284
0.287
0.29
0.293
0.296
0.299
0.302
0.305
0.308
0.311
0.314
0.317
0.32
0.323
0.326
0.329
0.332
0.335
0.338
0.341
0.344
0.347
0.35
0.353
0.356
0.359
0.362
0.365
0.368
0.371
0.374
0.377
0.38
0.383
0.386
0.389
0.392
0.395
0.398
0.401
0.404
0.407
0.41
0.413
0.416
0.419
0.422
0.425
0.428
0.431
0.434
0.437
0.44
0.443
0.446
0.449
0.452
0.455
0.458
0.461
0.464
0.467
0.47
0.473
0.476
0.479
0.482
0.485
0.488
0.491
0.494
0.497
0.5
0.503
0.506
0.509
0.512
0.515
0.518
0.521
0.524
0.527
0.53
0.533
0.536
0.539
0.542
0.545
0.548
0.551
0.554
0.557
0.56
0.563
0.566
0.569
0.572
0.575
0.578
0.581
0.584
0.587
0.59
0.593
0.596
0.599
0.602
0.605
0.608
0.611
0.614
0.617
0.62
0.623
0.626
0.629
0.632
0.635
0.638
0.641
0.644
0.647
0.65
0.653
0.656
0.659
0.662
0.665
0.668
0.671
0.674
0.677
0.68
0.683
0.686
0.689
0.692
0.695
0.698
0.701
0.704
0.707
0.71
0.713
0.716
0.719
0.722
0.725
0.728
0.731
0.734
0.737
0.74
0.743
0.746
0.749
0.752
0.755
0.758
0.761
0.764
0.767
0.77
0.773
0.776
0.779
0.782
0.785
0.788
0.791
0.794
0.797
0.8
0.803
0.806
0.809
0.812
0.815
0.818
0.821
0.824
0.827
0.83
0.833
0.836
0.839
0.842
0.845
0.848
0.851
0.854
0.857
0.86
0.863
0.866
0.869
0.872
0.875
0.878
0.881
0.884
0.887
0.89
0.893
0.896
0.899
0.902
0.905
0.908
0.911
0.914
0.917
0.92
0.923
0.926
0.929
0.932
0.935
0.938
0.941
0.944
0.947
0.95
0.953
0.956
0.959
0.962
0.965
0.968
0.971
0.974
0.977
0.98
0.983
0.986
0.989
0.992
0.995
0.998
1.001
1.004
1.007
1.01
1.013
1.016
1.019
1.022
1.025
1.028
1.031
1.034
1.037
1.04
1.043
1.046
1.049
1.052
1.055
1.058
1.061
1.064
1.067
1.07
1.073
1.076
1.079
1.082
1.085
1.088
1.091
1.094
1.097
1.1
1.103
1.106
1.109
1.112
1.115
1.118
1.121
1.124
1.127
1.13
1.133
1.136
1.139
1.142
1.145
1.148
1.151
1.154
1.157
1.16
1.163
1.166
1.169
1.172
1.175
1.178
1.181
1.184
1.187
1.19
1.193
1.196
1.199
1.202
1.205
1.208
1.211
1.214
1.217
1.22
1.223
1.226
1.229
1.232
1.235
1.238
1.241
1.244
1.247
1.25
1.253
1.256
1.259
1.262
1.265
1.268
1.271
1.274
1.277
1.28
1.283
1.286
1.289
1.292
1.295
1.298
1.301
1.304
1.307
1.31
1.313
1.316
1.319
1.322
1.325
1.328
1.331
1.334
1.337
1.34
1.343
1.346
1.349
1.352
1.355
1.358
1.361
1.364
1.367
1.37
1.373
1.376
1.379
1.382
1.385
1.388
1.391
1.394
1.397
1.4
1.403
1.406
1.409
1.412
1.415
1.418
1.421
1.424
1.427
1.43
1.433
1.436
1.439
1.442
1.445
1.448
1.451
1.454
1.457
1.46
1.463
1.466
1.469
1.472
1.475
1.478
1.481
1.484
1.487
1.49
1.493
1.496
1.499
1.502
1.505
1.508
1.511
1.514
1.517
1.52
1.523
1.526
1.529
1.532
1.535
1.538
1.541
1.544
1.547
1.55
1.553
1.556
1.559
1.562
1.565
1.568
1.571
1.574
1.577
1.58
1.583
1.586
1.589
1.592
1.595
1.598
1.601
1.604
1.607
1.61
1.613
1.616
1.619
1.622
1.625
1.628
1.631
1.634
1.637
1.64
1.643
1.646
1.649
1.652
1.655
1.658
1.661
1.664
1.667
1.67
1.673
1.676
1.679
1.682
1.685
1.688
1.691
1.694
1.697
1.7
1.703
1.706
1.709
1.712
1.715
1.718
1.721
1.724
1.727
1.73
1.733
1.736
1.739
1.742
1.745
1.748
1.751
1.754
1.757
1.76
1.763
1.766
1.769
1.772
1.775
1.778
1.781
1.784
1.787
1.79
1.793
1.796
1.799
1.802
1.805
1.808
1.811
1.814
1.817
1.82
1.823
1.826
1.829
1.832
1.835
1.838
1.841
1.844
1.847
1.85
1.853
1.856
1.859
1.862
1.865
1.868
1.871
1.874
1.877
1.88
1.883
1.886
1.889
1.892
1.895
1.898
1.901
1.904
1.907
1.91
1.913
1.916
1.919
1.922
1.925
1.928
1.931
1.934
1.937
1.94
1.943
1.946
1.949
1.952
1.955
1.958
1.961
1.964
1.967
1.97
1.973
1.976
1.979
1.982
1.985
1.988
1.991
1.994
1.997
2.0
2.003
2.006
2.009
2.012
2.015
2.018
2.021
2.024
2.027
2.03
2.033
2.036
2.039
2.042
2.045
2.048
2.051
2.054
2.057
2.06
2.063
2.066
2.069
2.072
2.075
2.078
2.081
2.084
2.087
2.09
2.093
2.096
2.099
2.102
2.105
2.108
2.111
2.114
2.117
2.12
2.123
2.126
2.129
2.132
2.135
2.138
2.141
2.144
2.147
2.15
2.153
2.156
2.159
2.162
2.165
2.168
2.171
2.174
2.177
2.18
2.183
2.186
2.189
2.192
2.195
2.198
2.201
2.204
2.207
2.21
2.213
2.216
2.219
2.222
2.225
2.228
2.231
2.234
2.237
2.24
2.243
2.246
2.249
2.252
2.255
2.258
2.261
2.264
2.267
2.27
2.273
2.276
2.279
2.282
2.285
2.288
2.291
2.294
2.297
2.3
2.303
2.306
2.309
2.312
2.315
2.318
2.321
2.324
2.327
2.33
2.333
2.336
2.339
2.342
2.345
2.348
2.351
2.354
2.357
2.36
2.363
2.366
2.369
2.372
2.375
2.378
2.381
2.384
2.387
2.39
2.393
2.396
2.399
2.402
2.405
2.408
2.411
2.414
2.417
2.42
2.423
2.426
2.429
2.432
2.435
2.438
2.441
2.444
2.447
2.45
2.453
2.456
2.459
2.462
2.465
2.468
2.471
2.474
2.477
2.48
2.483
2.486
2.489
2.492
2.495
2.498
2.501
2.504
2.507
2.51
2.513
2.516
2.519
2.522
2.525
2.528
2.531
2.534
2.537
2.54
2.543
2.546
2.549
2.552
2.555
2.558
2.561
2.564
2.567
2.57
2.573
2.576
2.579
2.582
2.585
2.588
2.591
2.594
2.597
2.6
2.603
2.606
2.609
2.612
2.615
2.618
2.621
2.624
2.627
2.63
2.633
2.636
2.639
2.642
2.645
2.648
2.651
2.654
2.657
2.66
2.663
2.666
2.669
2.672
2.675
2.678
2.681
2.684
2.687
2.69
2.693
2.696
2.699
2.702
2.705
2.708
2.711
2.714
2.717
2.72
2.723
2.726
2.729
2.732
2.735
2.738
2.741
2.744
2.747
2.75
2.753
2.756
2.759
2.762
2.765
2.768
2.771
2.774
2.777
2.78
2.783
2.786
2.789
2.792
2.795
2.798
2.801
2.804
2.807
2.81
2.813
2.816
2.819
2.822
2.825
2.828
2.831
2.834
2.837
2.84
2.843
2.846
2.849
2.852
2.855
2.858
2.861
2.864
2.867
2.87
2.873
2.876
2.879
2.882
2.885
2.888
2.891
2.894
2.897
2.9
2.903
2.906
2.909
2.912
2.915
2.918
2.921
2.924
2.927
2.93
2.933
2.936
2.939
2.942
2.945
2.948
2.951
2.954
2.957
2.96
2.963
2.966
2.969
2.972
2.975
2.978
2.981
2.984
2.987
2.99
2.993
2.996
2.999
3.002
3.005
3.008
3.011
3.014
3.017
3.02
3.023
3.026
3.029
3.032
3.035
3.038
3.041
3.044
3.047
3.05
3.053
3.056
3.059
3.062
3.065
3.068
3.071
3.074
3.077
3.08
3.083
3.086
3.089
3.092
3.095
3.098
3.101
3.104
3.107
3.11
3.113
3.116
3.119
3.122
3.125
3.128
3.131
3.134
3.137
3.14
3.143
3.146
3.149
3.152
3.155
3.158
3.161
3.164
3.167
3.17
3.173
3.176
3.179
3.182
3.185
3.188
3.191
3.194
3.197
3.2
3.203
3.206
3.209
3.212
3.215
3.218
3.221
3.224
3.227
3.23
3.233
3.236
3.239
3.242
3.245
3.248
3.251
3.254
3.257
3.26
3.263
3.266
3.269
3.272
3.275
3.278
3.281
3.284
3.287
3.29
3.293
3.296
3.299
3.302
3.305
3.308
3.311
3.314
3.317
3.32
3.323
3.326
3.329
3.332
3.335
3.338
3.341
3.344
3.347
3.35
3.353
3.356
3.359
3.362
3.365
3.368
3.371
3.374
3.377
3.38
3.383
3.386
3.389
3.392
3.395
3.398
3.401
3.404
3.407
3.41
3.413
3.416
3.419
3.422
3.425
3.428
3.431
3.434
3.437
3.44
3.443
3.446
3.449
3.452
3.455
3.458
3.461
3.464
3.467
3.47
3.473
3.476
3.479
3.482
3.485
3.488
3.491
3.494
3.497

