1.0
0.997
0.994
0.991
0.988
0.985
0.982
0.979
0.976
0.973
0.97
0.967
0.964
0.961
0.958
0.955
0.952
0.949
0.946
0.943
0.94
0.937
0.934
0.931
0.928
0.925
0.922
0.919
0.916
0.913
0.91
0.907
0.904
0.901
0.898
0.895
0.892
0.889
0.886
0.883
0.88
0.877
0.874
0.871
0.868
0.865
0.862
0.859
0.856
0.853
0.85
0.847
0.844
0.841
0.838
0.835
0.832
0.829
0.826
0.823
0.82
0.817
0.814
0.811
0.808
0.805
0.802
0.799
0.796
0.793
0.79
0.787
0.784
0.781
0.778
0.775
0.772
0.769
0.766
0.763
0.76
0.757
0.754
0.751
0.748
0.745
0.742
0.739
0.736
0.733
0.73
0.727
0.724
0.721
0.718
0.715
0.712
0.709
0.706
0.703
0.7
0.697
0.694
0.691
0.688
0.685
0.682
0.679
0.676
0.673
0.67
0.667
0.664
0.661
0.658
0.655
0.652
0.649
0.646
0.643
0.64
0.637
0.634
0.631
0.628
0.625
0.622
0.619
0.616
0.613
0.61
0.607
0.604
0.601
0.598
0.595
0.592
0.589
0.586
0.583
0.58
0.577
0.574
0.571
0.568
0.565
0.562
0.559
0.556
0.553
0.55
0.547
0.544
0.541
0.538
0.535
0.532
0.529
0.526
0.523
0.52
0.517
0.514
0.511
0.508
0.505
0.502
0.499
0.496
0.493
0.49
0.487
0.484
0.481
0.478
0.475
0.472
0.469
0.466
0.463
0.46
0.457
0.454
0.451
0.448
0.445
0.442
0.439
0.436
0.433
0.43
0.427
0.424
0.421
0.418
0.415
0.412
0.409
0.406
0.403
0.4
0.397
0.394
0.391
0.388
0.385
0.382
0.379
0.376
0.373
0.37
0.367
0.364
0.361
0.358
0.355
0.352
0.349
0.346
0.343
0.34
0.337
0.334
0.331
0.328
0.325
0.322
0.319
0.316
0.313
0.31
0.307
0.304
0.301
0.298
0.295
0.292
0.289
0.286
0.283
0.28
0.277
0.274
0.271
0.268
0.265
0.262
0.259
0.256
0.253
0.25
0.247
0.244
0.241
0.238
0.235
0.232
0.229
0.226
0.223
0.22
0.217
0.214
0.211
0.208
0.205
0.202
0.199
0.196
0.193
0.19
0.187
0.184
0.181
0.178
0.175
0.172
0.169
0.166
0.163
0.16
0.157
0.154
0.151
0.148
0.145
0.142
0.139
0.136
0.133
0.13
0.127
0.124
0.121
0.118
0.115
0.112
0.109
0.106
0.103
0.1
0.097
0.094
0.091
0.088
0.085
0.082
0.079
0.076
0.073
0.07
0.067
0.064
0.061
0.058
0.055
0.052
0.049
0.046
0.043
0.04
0.037
0.034
0.031
0.028
0.025
0.022
0.019
0.016
0.013
0.01
0.007
0.004
0.000999999999999
