0.5
0.503
0.506
0.509
0.512
0.515
0.518
0.521
0.524
0.527
0.53
0.533
0.536
0.539
0.542
0.545
0.548
0.551
0.554
0.557
0.56
0.563
0.566
0.569
0.572
0.575
0.578
0.581
0.584
0.587
0.59
0.593
0.596
0.599
0.602
0.605
0.608
0.611
0.614
0.617
0.62
0.623
0.626
0.629
0.632
0.635
0.638
0.641
0.644
0.647
0.65
0.653
0.656
0.659
0.662
0.665
0.668
0.671
0.674
0.677
0.68
0.683
0.686
0.689
0.692
0.695
0.698
0.701
0.704
0.707
0.71
0.713
0.716
0.719
0.722
0.725
0.728
0.731
0.734
0.737
0.74
0.743
0.746
0.749
0.752
0.755
0.758
0.761
0.764
0.767
0.77
0.773
0.776
0.779
0.782
0.785
0.788
0.791
0.794
0.797
0.8
0.803
0.806
0.809
0.812
0.815
0.818
0.821
0.824
0.827
0.83
0.833
0.836
0.839
0.842
0.845
0.848
0.851
0.854
0.857
0.86
0.863
0.866
0.869
0.872
0.875
0.878
0.881
0.884
0.887
0.89
0.893
0.896
0.899
0.902
0.905
0.908
0.911
0.914
0.917
0.92
0.923
0.926
0.929
0.932
0.935
0.938
0.941
0.944
0.947
0.95
0.953
0.956
0.959
0.962
0.965
0.968
0.971
0.974
0.977
0.98
0.983
0.986
0.989
0.992
0.995
0.998
