0.0
0.003
0.006
0.009
0.012
0.015
0.018
0.021
0.024
0.027
0.03
0.033
0.036
0.039
0.042
0.045
0.048
0.051
0.054
0.057
0.06
0.063
0.066
0.069
0.072
0.075
0.078
0.081
0.084
0.087
0.09
0.093
0.096
0.099
0.102
0.105
0.108
0.111
0.114
0.117
0.12
0.123
0.126
0.129
0.132
0.135
0.138
0.141
0.144
0.147
0.15
0.153
0.156
0.159
0.162
0.165
0.168
0.171
0.174
0.177
0.18
0.183
0.186
0.189
0.192
0.195
0.198
0.201
0.204
0.207
0.21
0.213
0.216
0.219
0.222
0.225
0.228
0.231
0.234
0.237
0.24
0.243
0.246
0.249
0.252
0.255
0.258
0.261
0.264
0.267
0.27
0.273
0.276
0.279
0.282
0.285
0.288
0.291
0.294
0.297
0.3
0.303
0.306
0.309
0.312
0.315
0.318
0.321
0.324
0.327
0.33
0.333
0.336
0.339
0.342
0.345
0.348
0.351
0.354
0.357
0.36
0.363
0.366
0.369
0.372
0.375
0.378
0.381
0.384
0.387
0.39
0.393
0.396
0.399
0.402
0.405
0.408
0.411
0.414
0.417
0.42
0.423
0.426
0.429
0.432
0.435
0.438
0.441
0.444
0.447
0.45
0.453
0.456
0.459
0.462
0.465
0.468
0.471
0.474
0.477
0.48
0.483
0.486
0.489
0.492
0.495
0.498
