0.5
0.503
0.506
0.509
0.512
0.515
0.518
0.521
0.524
0.527
0.53
0.533
0.536
0.539
0.542
0.545
0.548
0.551
0.554
0.557
0.56
0.563
0.566
0.569
0.572
0.575
0.578
0.581
0.584
0.587
0.59
0.593
0.596
0.599
0.602
0.605
0.608
0.611
0.614
0.617
0.62
0.623
0.626
0.629
0.632
0.635
0.638
0.641
0.644
0.647
0.65
0.653
0.656
0.659
0.662
0.665
0.668
0.671
0.674
0.677
0.68
0.683
0.686
0.689
0.692
0.695
0.698
0.701
0.704
0.707
0.71
0.713
0.716
0.719
0.722
0.725
0.728
0.731
0.734
0.737
0.74
0.743
0.746
0.749
0.752
0.755
0.758
0.761
0.764
0.767
0.77
0.773
0.776
0.779
0.782
0.785
0.788
0.791
0.794
0.797
0.8
0.803
0.806
0.809
0.812
0.815
0.818
0.821
0.824
0.827
0.83
0.833
0.836
0.839
0.842
0.845
0.848
0.851
0.854
0.857
0.86
0.863
0.866
0.869
0.872
0.875
0.878
0.881
0.884
0.887
0.89
0.893
0.896
0.899
0.902
0.905
0.908
0.911
0.914
0.917
0.92
0.923
0.926
0.929
0.932
0.935
0.938
0.941
0.944
0.947
0.95
0.953
0.956
0.959
0.962
0.965
0.968
0.971
0.974
0.977
0.98
0.983
0.986
0.989
0.992
0.995
0.998
1.0
0.997
0.994
0.991
0.988
0.985
0.982
0.979
0.976
0.973
0.97
0.967
0.964
0.961
0.958
0.955
0.952
0.949
0.946
0.943
0.94
0.937
0.934
0.931
0.928
0.925
0.922
0.919
0.916
0.913
0.91
0.907
0.904
0.901
0.898
0.895
0.892
0.889
0.886
0.883
0.88
0.877
0.874
0.871
0.868
0.865
0.862
0.859
0.856
0.853
0.85
0.847
0.844
0.841
0.838
0.835
0.832
0.829
0.826
0.823
0.82
0.817
0.814
0.811
0.808
0.805
0.802
0.799
0.796
0.793
0.79
0.787
0.784
0.781
0.778
0.775
0.772
0.769
0.766
0.763
0.76
0.757
0.754
0.751
0.748
0.745
0.742
0.739
0.736
0.733
0.73
0.727
0.724
0.721
0.718
0.715
0.712
0.709
0.706
0.703
0.7
0.697
0.694
0.691
0.688
0.685
0.682
0.679
0.676
0.673
0.67
0.667
0.664
0.661
0.658
0.655
0.652
0.649
0.646
0.643
0.64
0.637
0.634
0.631
0.628
0.625
0.622
0.619
0.616
0.613
0.61
0.607
0.604
0.601
0.598
0.595
0.592
0.589
0.586
0.583
0.58
0.577
0.574
0.571
0.568
0.565
0.562
0.559
0.556
0.553
0.55
0.547
0.544
0.541
0.538
0.535
0.532
0.529
0.526
0.523
0.52
0.517
0.514
0.511
0.508
0.505
0.502
0.499
0.496
0.493
0.49
0.487
0.484
0.481
0.478
0.475
0.472
0.469
0.466
0.463
0.46
0.457
0.454
0.451
0.448
0.445
0.442
0.439
0.436
0.433
0.43
0.427
0.424
0.421
0.418
0.415
0.412
0.409
0.406
0.403
0.4
0.397
0.394
0.391
0.388
0.385
0.382
0.379
0.376
0.373
0.37
0.367
0.364
0.361
0.358
0.355
0.352
0.349
0.346
0.343
0.34
0.337
0.334
0.331
0.328
0.325
0.322
0.319
0.316
0.313
0.31
0.307
0.304
0.301
0.298
0.295
0.292
0.289
0.286
0.283
0.28
0.277
0.274
0.271
0.268
0.265
0.262
0.259
0.256
0.253
0.25
0.247
0.244
0.241
0.238
0.235
0.232
0.229
0.226
0.223
0.22
0.217
0.214
0.211
0.208
0.205
0.202
0.199
0.196
0.193
0.19
0.187
0.184
0.181
0.178
0.175
0.172
0.169
0.166
0.163
0.16
0.157
0.154
0.151
0.148
0.145
0.142
0.139
0.136
0.133
0.13
0.127
0.124
0.121
0.118
0.115
0.112
0.109
0.106
0.103
0.1
0.097
0.094
0.091
0.088
0.085
0.082
0.079
0.076
0.073
0.07
0.067
0.064
0.061
0.058
0.055
0.052
0.049
0.046
0.043
0.04
0.037
0.034
0.031
0.028
0.025
0.022
0.019
0.016
0.013
0.01
0.007
0.004
0.000999999999999
0.0
0.003
0.006
0.009
0.012
0.015
0.018
0.021
0.024
0.027
0.03
0.033
0.036
0.039
0.042
0.045
0.048
0.051
0.054
0.057
0.06
0.063
0.066
0.069
0.072
0.075
0.078
0.081
0.084
0.087
0.09
0.093
0.096
0.099
0.102
0.105
0.108
0.111
0.114
0.117
0.12
0.123
0.126
0.129
0.132
0.135
0.138
0.141
0.144
0.147
0.15
0.153
0.156
0.159
0.162
0.165
0.168
0.171
0.174
0.177
0.18
0.183
0.186
0.189
0.192
0.195
0.198
0.201
0.204
0.207
0.21
0.213
0.216
0.219
0.222
0.225
0.228
0.231
0.234
0.237
0.24
0.243
0.246
0.249
0.252
0.255
0.258
0.261
0.264
0.267
0.27
0.273
0.276
0.279
0.282
0.285
0.288
0.291
0.294
0.297
0.3
0.303
0.306
0.309
0.312
0.315
0.318
0.321
0.324
0.327
0.33
0.333
0.336
0.339
0.342
0.345
0.348
0.351
0.354
0.357
0.36
0.363
0.366
0.369
0.372
0.375
0.378
0.381
0.384
0.387
0.39
0.393
0.396
0.399
0.402
0.405
0.408
0.411
0.414
0.417
0.42
0.423
0.426
0.429
0.432
0.435
0.438
0.441
0.444
0.447
0.45
0.453
0.456
0.459
0.462
0.465
0.468
0.471
0.474
0.477
0.48
0.483
0.486
0.489
0.492
0.495
0.498
