0.6114053
0.7743091
0.2660724
0.6399795
0.4861953
0.5574926
0.9823384
0.7590498
0.9790838
0.4145849
0.97557
0.2930001
0.9236315
0.9443094
0.8579834
0.4809456
0.3067441
0.6019577
0.8103038
0.812275
0.4878962
0.7075641
0.7572761
0.8015514
0.2349627
0.9845682
0.6266646
0.3201561
0.6368885
0.7759582
0.5295139
0.4373626
0.4932079
0.0817923
0.7100169
0.452694
0.3319625
0.3907461
0.1018987
0.5807773
0.6291834
0.7018336
0.6808315
0.8434216
0.7200747
0.2022438
0.6717316
0.9431645
0.6174215
0.6015041
0.804609
0.006102992
0.5145047
0.1817812
0.8478368
0.3619921
0.508238
0.3749606
0.8206181
0.3753695
0.364652
0.5107087
0.5366306
0.9916479
0.9637698
0.8621455
0.6611728
0.07013767
0.5485047
0.6293737
0.1594911
0.06273349
0.04626434
0.1098736
0.6015507
0.8797372
0.7224682
0.8295405
0.9138118
0.7159243
0.7386823
0.180285
0.9487239
0.08706886
0.5960375
0.952556
0.63591
0.3990986
0.8184715
0.386175
0.003491762
0.4834593
0.602771
0.2647724
0.07380382
0.6319879
0.1686662
0.2917934
0.2350829
0.05909418
0.9614041
0.3781953
0.955815
0.837761
0.6104717
0.803152
0.8241616
0.8752486
0.5415918
0.4581838
0.005169259
0.7506162
0.5094176
0.2791229
0.1989165
0.1272207
0.1146720
0.2207104
0.724995
0.944933
0.5373449
0.7794025
0.4303417
0.6634626
0.7409273
0.7941388
0.0748999
0.9061362
0.2522304
0.3620221
0.4049051
0.06877986
0.3153647
0.7246029
0.3637703
0.02363096
0.3630734
0.02823808
0.7227207
0.8725504
0.7738802
0.4619285
0.5532972
0.585245
0.2252292
0.3779437
0.6947368
0.1446689
0.7693784
0.2380998
0.04277817
0.9485964
0.2990622
0.9636245
0.2257795
0.9238483
0.07200818
0.6268533
0.636878
0.1091511
0.6403716
0.8834592
0.4660621
0.5817752
0.5545918
0.9777001
0.4166919
0.1515685
0.08778736
0.2525637
0.3349987
0.08706723
0.5344353
0.8347385
0.6084704
0.8894875
0.2541966
0.3572408
0.2269042
0.4085725
0.9063396
0.8024628
0.7956069
0.2426555
0.9006132
0.01977485
0.6010768
0.6356056
0.5500019
0.7251319
0.4413124
0.8336609
0.4359728
0.04163236
0.1000045
0.7007301
0.06213324
0.4936406
0.5077995
0.8600388
0.0885818
0.06019103
0.594056
0.9797646
0.894303
0.1521826
0.3889331
0.3018783
0.05861213
0.8857461
0.8336474
0.5445179
0.9491986
0.3014685
0.7678235
0.2682425
0.4171162
0.8934376
0.435236
0.8931106
0.8183234
0.3647859
0.8156924
0.8198307
0.7291656
0.9536418
0.985532
0.6322763
0.3968136
0.8936067
0.8866542
0.1151459
0.1943904
0.8059297
0.5715294
0.2761077
0.4538542
0.2230007
0.2114385
0.03179143
0.807766
0.7405612
0.6084074
0.4690493
0.3405238
0.4324998
0.9987141
0.3237974
0.8121723
0.3366776
0.565322
0.9679903
0.3241747
0.04658461
0.801883
0.695671
0.4455858
0.1887467
0.7221063
0.4302608
0.8801466
0.1404462
0.6421083
0.07242605
0.9012054
0.7795973
0.2974739
0.1209811
0.1631149
0.5527704
0.467796
0.2285005
0.4010037
0.886505
0.5427856
0.7386512
0.4704114
0.8391785
0.4582664
0.4576428
0.9443026
0.6145792
0.7638152
0.6293473
0.6165128
0.7984457
0.8233915
0.1038395
0.5753297
0.2717298
0.2080931
0.3363603
0.2492230
0.8909084
0.4743535
0.8566014
0.01682471
0.699831
0.5682671
0.3058889
0.9269315
0.7988622
0.4870915
0.4151564
0.872838
0.6017893
0.4770847
0.8270435
0.9065172
0.392379
0.6532345
0.1931655
0.5937861
0.5635153
0.5663382
0.5014623
0.5408586
0.5006983
0.6788086
0.5342606
0.2416829
0.5918658
0.1716632
0.2755489
0.3180535
0.2256427
0.8058375
0.4116072
0.01013148
0.06715605
0.3991894
0.3371696
0.7010388
0.3947488
0.34007
0.9624158
0.9004381
0.698885
0.3379167
0.0842153
0.874052
0.4721561
0.946513
0.9181003
0.233433
0.9422396
0.972028
0.8514439
0.1349854
0.04095657
0.07980407
0.1163622
0.862443
0.1513652
0.1058515
0.8634106
0.2746359
0.0384668
0.3497635
0.1312875
0.3300567
0.8108207
0.6447429
0.09603934
0.3110136
0.9772457
0.02957029
0.2730278
0.9810686
0.3147644
0.2379083
0.9039282
0.09171488
0.874437
0.5941246
0.7750266
0.6723337
0.952443
0.009565262
0.9696655
0.417413
0.05371635
0.1743697
0.7027162
0.8768303
0.6093642
0.8800895
0.6625482
0.5742571
0.7321797
0.2375829
0.2915868
0.7789334
0.2162557
0.06374537
0.03478785
0.6682652
0.2291231
0.2351083
0.8156284
0.01219280
0.07129566
0.904982
0.1733953
0.425496
0.865111
0.7000763
0.3534473
0.5171551
0.8941317
0.5335065
0.22873
0.673976
0.4173323
0.3907592
0.5628047
0.3305695
0.9547523
0.8324602
0.1603269
0.882035
0.857173
0.1776478
0.8526193
0.3313171
0.9358905
0.5468586
0.7957537
0.7831863
0.5622385
0.7146701
0.806991
0.1018816
0.04347594
0.4329104
0.9429678
0.6797761
0.005889477
0.8287589
0.5342288
0.7843561
0.6283043
0.9725864
0.3037692
0.4314295
0.7381136
0.2359155
0.5427911
0.772516
0.9075977
0.3907966
0.5450404
0.1087083
0.3760124
0.5776329
0.3671436
0.766383
0.0884517
0.9828732
0.6879762
0.7679185
0.4192679
0.4339337
0.588151
0.9660142
0.4334328
0.5307424
0.7389232
0.5704002
0.7833696
0.6183902
0.007608653
0.9676941
0.6107969
0.8375633
0.975686
0.2209100
0.3203914
0.866858
0.7385855
0.2350344
0.961271
0.03488993
0.3996243
0.2053333
0.09477307
0.4397885
0.194095
0.2493630
0.1422802
0.3180318
0.1903792
0.2023668
0.57971
0.1503248
0.3486396
0.7652818
0.1884896
0.5409243
0.4289038
0.6897578
0.3337463
0.3719198
0.5156038
0.8054654
0.7624377
0.02208392
0.527821
0.681011
0.4124188
0.989068
0.04742995
0.5379836
0.4160822
0.879255
0.4137675
0.5452253
0.8083692
0.07192502
0.2782819
0.7386674
0.2749904
0.2272904
0.9217716
0.9403175
0.09063381
0.9438367
0.3490761
0.3581071
0.855074
0.4758842
0.08225619
0.1214501
0.650316
0.05993723
0.1657803
0.8340464
0.3661005
0.9576545
0.9242959
0.1661443
0.3917357
0.001074488
0.4419494
0.8285227
0.5013453
0.7460993
0.9991612
0.7584912
0.3180797
0.9530251
0.9852258
0.2252722
0.2989262
0.3967813
0.3810759
0.1479251
0.1473050
0.922775
0.456053
0.1201241
0.0480098
0.07782273
0.528502
0.4578505
0.03526507
0.4242291
0.05388568
0.05819112
0.671483
0.2351574
0.8171767
0.6863798
0.5663703
0.7748206
0.7874114
0.2285953
0.8840128
0.5902793
0.6817825
0.8139205
0.872069
0.3354646
0.7533017
0.3721578
0.6854979
0.4811914
0.8563948
0.8031287
0.4752299
0.8787988
0.5396931
0.8503684
0.4418792
0.4975833
0.8890332
0.4568554
0.4814182
0.294652
0.1434157
0.5710359
0.7048274
0.8448702
0.8065183
0.3207363
0.6822193
0.09706655
0.00918747
0.3925347
0.7546141
0.3100215
0.06559226
0.7577494
0.3673657
0.3091461
0.7545483
0.2585069
0.821916
0.7442723
0.2089925
0.6785135
0.4637793
5.29401e-05
0.7697078
0.02886721
0.2622474
0.7749138
0.7134652
0.9585164
0.03104417
0.04238328
0.2883736
0.01953339
0.04203792
0.4914407
0.1387452
0.8021615
0.3156356
0.7086985
0.07237854
0.828131
0.9375942
0.5132541
0.778826
0.4194775
0.632391
0.9330289
0.5324286
0.474723
0.5620744
0.3133132
0.5447725
0.1348936
0.2477422
0.910803
0.005683825
0.2463535
0.4961991
0.7479057
0.9418612
0.2042737
0.1125179
0.3864463
0.2354879
0.4879152
0.6061161
0.674332
0.99644
0.5625358
0.9279794
0.3854132
0.893687
0.4653352
0.7321162
0.2258125
0.5038722
0.4200659
0.08522738
0.7358112
0.7749718
0.8082255
0.5159026
0.5558758
0.6433928
0.7058322
0.7995025
0.4076179
0.9839406
0.313704
0.6084131
0.8561453
0.9062717
0.1520549
0.3465207
0.2075359
0.8773596
0.04710441
0.8670953
0.3688546
0.1292580
0.4055324
0.3010743
0.4543674
0.7288453
0.9607512
0.4630304
0.2657022
0.312135
0.07399131
0.09979876
0.779654
0.4950777
0.07832848
0.5362161
0.1682603
0.5200432
0.8196469
0.1177972
0.2780005
0.3757124
0.874891
0.8179991
0.9618062
0.2585693
0.009282992
0.2294426
0.6041527
0.9134297
0.3647414
0.2290421
0.6442065
0.6570021
0.7253462
0.2179298
0.2768051
0.3011236
0.4737742
0.6938667
0.4917967
0.5275765
0.4046247
0.7425369
0.2473724
0.3341735
0.2543315
0.2774541
0.9346886
0.852295
0.6569522
0.3158821
0.809514
0.8877985
0.1064768
0.4072185
0.9679594
0.829154
0.5540761
0.8724452
0.1482579
0.2392720
0.8366878
0.4915055
0.2259811
0.4033828
0.086553
0.1661929
0.2104166
0.8132533
0.6632582
0.3562064
0.9916543
0.3632392
0.15553
0.8244531
0.03483623
0.3104863
0.0934511
0.1076168
0.4862699
0.1758698
0.9170637
0.1695244
0.01347344
0.3357484
0.4352197
0.4789415
0.2616530
0.4734334
0.5706933
0.8964636
0.4385235
0.2614411
0.7365821
0.8918252
0.5903985
0.1021036
0.6497886
0.5836163
0.4722872
0.1732304
0.9671196
0.1860326
0.8481758
0.9691323
0.1071422
0.02382122
0.2941800
0.9180265
0.5581473
0.2010236
0.9194746
0.2792021
0.4259328
0.3324368
0.2621414
0.5236643
0.5844544
0.5132501
0.4943726
0.2985381
0.9541557
0.8414805
0.1197204
0.6275918
0.1431952
0.9466416
0.4030880
0.1256548
0.3431213
0.5576433
0.9520646
0.1640477
0.912942
0.6506533
0.4349683
0.437348
0.5495386
0.6166274
0.5339291
0.4491269
0.6029333
0.806558
0.1430117
0.4829619
0.355249
0.8656007
0.1391650
0.06891703
0.2971876
0.1801489
0.3194877
0.06728885
0.6007578
0.687509
0.1096083
0.5353814
0.6664306
0.8386835
0.6982588
0.3986416
0.4455781
0.1556445
0.4441066
0.6336783
0.9358082
0.8640568
0.06606026
0.5989507
0.3448975
0.6951736
0.7512741
0.4746153
0.1741529
0.6625302
0.0005697231
0.9603823
0.1388954
0.2252256
0.429275
0.3250447
0.7590132
0.4848497
0.04781728
0.8196513
0.3934625
0.4932251
0.6337773
0.02974519
0.5420123
0.2507255
0.8391796
0.7473581
0.8160978
0.2265769
0.1002095
0.2209741
0.6240364
0.7944629
0.5563506
0.4972089
0.7842152
0.8235801
0.6906947
0.7432707
0.5824704
0.5279543
0.7689656
0.8011252
0.2108528
0.8576953
0.9141152
0.3762075
0.2638386
0.3295216
0.760939
0.8308002
0.1546788
0.09482729
0.5920079
0.5850155
0.99716
0.9769792
0.913469
0.8289916
0.1314292
0.4073158
0.1171698
0.4628475
0.8900614
0.7960856
0.08199651
0.5947803
0.03538981
0.1303462
0.9168227
0.8885871
0.4850983
0.3356203
0.1668107
0.3560751
0.5611756
0.07199707
0.4799183
0.1508067
0.3956798
0.5967509
0.8189929
0.4376004
0.9877839
0.8457389
0.7094048
0.5465188
0.7453412
0.02131058
0.8343166
0.06355485
0.5319366
0.0999448
0.9311428
0.3294356
0.4223071
0.1961038
0.6125857
0.687497
0.3977862
0.7351139
0.5279221
0.06498828
0.1700972
0.1583097
0.9187362
0.8851119
0.9142061
0.9274978
0.7881463
0.3217562
0.2934469
0.4115909
0.954639
0.5122774
0.5814105
0.9944963
0.3712761
0.2593974
0.4419998
0.3404466
0.06834685
0.5204956
0.5031623
0.2533078
0.2805135
0.4942208
0.9247567
0.5823098
0.7308608
0.4380606
0.8099923
0.3228463
0.8725562
0.1749009
