0.759688
0.7750867
0.7387645
0.6893503
0.729199
0.6922053
0.8051377
0.7097025
0.7448223
0.7067097
0.7493699
0.7344148
0.98176
0.9187482
0.8732394
0.8076674
0.7617653
0.705782
0.7314059
0.7225417
0.7831588
0.8209642
0.7524827
0.8015804
0.7499436
0.7660053
0.7242234
0.7777091
0.7878547
0.8444141
0.8158253
0.7562935
0.7275968
0.8032473
0.8179445
0.8153684
0.7762443
0.8074611
0.8090592
0.8018832
0.8272132
0.7996078
0.9117156
0.8512511
0.811713
0.7708196
0.7827644
0.7486574
0.7870303
0.7318218
0.739471
0.8100106
0.766507
0.7633937
0.7146547
0.7872071
0.8331264
0.8425176
0.8447373
0.7791007
0.7990952
0.7920707
0.7667514
0.7534693
0.8249509
0.8002055
0.7031848
0.7598159
0.86294
0.8349895
0.794408
0.8096802
0.9703119
0.9674233
0.9764416
0.8988667
0.8949484
0.8148885
0.8645788
0.8999177
0.8150367
0.7800133
0.7967721
0.7925893
0.8009901
0.8090142
0.6814115
0.8133197
0.7569879
0.8487341
0.8318892
0.8747637
0.7662871
0.7804157
0.8189442
0.8467304
0.7857006
0.8296618
0.8410598
0.7720347
0.7950101
0.7911774
0.9603722
0.9767106
0.9792667
0.9373665
0.8566511
0.818583
0.8314571
0.8181508
0.8048294
0.8128763
0.79633
0.8032189
0.8035319
0.6959719
0.8266044
0.7615197
0.834273
0.852241
0.8498214
0.8306292
0.7132404
0.793161
0.7364312
0.8020998
0.8474501
0.7833802
0.8376461
0.8139346
0.8213319
0.7924183
0.9682943
0.9661968
0.9842058
0.9342088
0.8514613
0.7461009
0.6861836
0.6456627
0.731195
0.7965702
0.7545124
0.8123052
0.763539
0.7968034
0.8136036
0.7858799
0.8414128
0.8147742
0.7770726
0.779936
0.7125906
0.7909833
0.75283
0.7901065
0.8050127
0.7824025
0.7929508
0.7913132
0.8508825
0.7732523
0.6410006
0.7570006
0.7504233
0.8053694
0.7572395
0.7694858
0.7991922
0.7705022
0.7428193
0.7939923
0.8173571
0.7761918
0.7969756
0.7975554
0.8330622
0.8057203
0.8071832
0.7618403
0.7582293
0.7123824
0.7894755
0.7102822
0.7921733
0.8450527
0.7558648
0.7461725
0.763105
0.7299893
0.7429618
0.7536174
0.571034
0.6564086
0.6956591
0.7149218
0.7947451
0.7542571
0.7499399
0.798156
0.7047045
0.7619981
0.7386593
0.733349
0.7877485
0.7757646
0.7682877
0.7750766
0.7902315
0.6884807
0.7917728
0.8314553
0.766239
0.8213549
0.8143851
0.7950515
0.7827561
0.855661
0.7806826
0.7850781
0.8010501
0.8046366
0.5830289
0.7155658
0.7026386
0.7459074
0.7370039
0.7514179
0.7386488
0.754748
0.8089047
0.8530297
0.8415964
0.8758661
0.857305
0.8537657
0.9195892
0.8971323
0.8624831
0.8811688
0.8098459
0.798178
0.7506778
0.7828497
0.7526067
0.734087
0.7759326
0.7732649
0.7565463
0.8252174
0.7646496
0.825602
0.5770932
0.7317865
0.8637379
0.7704515
0.8145506
0.8402593
0.8954598
0.8715541
0.9006197
0.8959145
0.9091552
0.8672332
0.8169615
0.8779949
0.7991847
0.8162112
0.7454452
0.8033479
0.7998019
0.7938643
0.8418372
0.7869605
0.745692
0.8191541
0.7928833
0.7970004
0.782952
0.7880185
0.7730716
0.794055
0.6108455
0.8490551
0.9347906
0.9260815
0.9052666
0.8373239
0.8433391
0.788783
0.8087479
0.8952152
0.8917218
0.870562
0.8612752
0.7532145
0.7586682
0.7922057
0.7921627
0.8128486
0.806885
0.7827563
0.8248707
0.8205578
0.8263737
0.7869237
0.8691149
0.8557007
0.7625135
0.7798638
0.8392929
0.895135
0.8831618
0.8598729
0.7376968
0.8097482
0.7713422
0.8179895
0.7761682
0.7752969
0.8665299
0.8246398
0.662092
0.7626522
0.7921658
0.8486161
0.8904229
0.8117392
0.849124
0.8029154
0.7962762
0.8024429
0.7402336
0.7816908
0.7577866
0.7138694
0.8058302
0.751887
0.7486101
0.726908
0.764295
0.7914337
0.8093773
0.7492584
0.7378232
0.7232326
0.7440608
0.7530491
0.7542234
0.7567393
0.728899
0.7707547
0.7588134
0.7876428
0.7874921
0.7076486
0.7454839
0.7399125
0.8246605
0.8039496
0.8232943
0.8265315
0.8083314
0.7869289
0.7255226
0.8205224
0.7882154
0.8262742
0.8370594
0.7546153
0.8107411
0.7805025
0.8265501
0.8249093
0.8038879
0.7858537
0.8323454
0.8061324
0.8034459
0.8254066
0.8131821
0.8260266
0.7521731
0.7583325
0.7933217
0.7734336
0.8039183
0.7391126
0.7632924
0.808434
0.8395783
0.7949359
0.8493783
0.755917
0.7405296
0.7986502
0.7264551
0.7306805
0.7797206
0.7585586
0.785935
0.7679818
0.824922
0.7412691
0.7458631
0.7223271
0.8026958
0.8005059
0.7504402
0.7916533
0.7119898
0.7576092
0.7587172
0.8235428
0.8460938
0.8414862
0.7752535
0.7241575
0.7512032
0.8048859
0.841282
0.8009461
0.8108746
0.8754244
0.8279956
0.8119433
0.784887
0.7536118
0.8187418
0.8202703
0.8342136
0.8347556
0.8677039
0.7694302
0.7610058
0.849643
0.8192462
0.8435498
0.8269045
0.7894937
0.7841551
0.768822
0.7544072
0.7966728
0.7621818
0.8199527
0.8401777
0.8608837
0.8107691
0.808167
0.8134058
0.8030962
0.8061141
0.8272288
0.8548059
0.8606306
0.7904448
0.8120006
0.8323551
0.8706467
0.8375123
0.8057007
0.8579997
0.8383448
0.8699274
0.8573646
0.8623303
0.8064708
0.8508211
0.8832456
0.8390096
0.8829202
0.8005481
0.8288717
0.8452855
0.8300264
0.8487518
0.8341979
0.8365957
0.8521898
